249	1
376	1
386	1
418	1
432	1
435	1
440	1
449	1
450	1
453	1
461	1
464	1
469	1
479	1
501	1
502	1
504	2
514	1
517	1
520	1
523	1
528	1
533	1
535	1
536	1
537	1
541	1
543	1
548	1
551	1
557	1
560	1
562	1
563	1
569	2
570	1
574	1
575	1
576	1
581	1
591	1
604	1
612	2
615	1
616	1
617	1
618	1
629	1
634	1
636	1
657	1
668	2
672	1
676	1
686	1
692	1
703	1
706	1
708	1
719	1
724	1
734	1
736	1
745	1
756	1
762	1
770	2
771	1
778	1
781	1
791	1
792	1
793	1
795	1
798	1
802	1
805	1
807	1
809	1
811	2
813	2
815	1
819	1
822	1
823	1
825	1
833	1
834	2
835	1
836	2
844	1
851	1
852	1
865	1
872	1
873	1
876	1
882	1
883	1
887	1
890	1
894	1
901	1
902	1
903	1
916	1
927	1
937	1
942	1
943	1
944	1
949	1
950	1
960	1
965	1
967	1
969	2
971	2
975	1
978	1
979	2
995	1
1003	1
1007	1
1010	1
1011	1
1012	1
1020	1
1022	1
1023	1
1025	1
1031	1
1038	1
1044	2
1047	2
1063	1
1071	1
1077	1
1083	1
1085	1
1089	1
1094	1
1096	1
1097	1
1107	1
1112	1
1119	1
1124	1
1126	1
1127	1
1142	1
1145	1
1154	1
1167	2
1175	1
1177	2
1179	1
1183	1
1190	1
1192	1
1194	1
1196	2
1197	1
1202	1
1206	1
1207	1
1210	1
1216	1
1224	1
1230	2
1231	1
1234	1
1235	1
1236	1
1242	1
1243	1
1245	1
1247	1
1256	2
1258	1
1262	1
1265	1
1269	1
1270	1
1274	2
1281	1
1285	1
1287	1
1292	1
1295	1
1299	1
1302	1
1307	2
1309	1
1311	1
1320	1
1321	1
1322	2
1324	1
1326	1
1331	1
1333	1
1335	1
1337	1
1338	1
1339	1
1340	1
1343	1
1347	1
1352	1
1353	2
1361	1
1363	1
1366	1
1368	1
1370	2
1374	1
1376	1
1377	2
1382	1
1383	1
1384	1
1386	2
1389	1
1392	2
1396	1
1399	1
1400	1
1401	1
1403	1
1409	2
1411	1
1413	2
1414	2
1415	1
1417	1
1419	1
1420	1
1423	3
1425	2
1426	1
1427	1
1429	1
1433	2
1434	1
1436	1
1439	1
1448	1
1451	2
1454	3
1456	1
1457	1
1458	1
1467	2
1468	1
1469	1
1473	3
1474	1
1475	1
1476	1
1477	1
1481	3
1486	1
1488	1
1490	1
1495	2
1496	1
1497	1
1498	1
1500	1
1502	1
1504	1
1505	1
1506	1
1507	1
1508	1
1510	1
1514	1
1521	1
1522	1
1524	1
1525	1
1526	1
1527	1
1532	1
1535	1
1539	1
1541	2
1542	1
1546	1
1549	2
1552	1
1554	1
1558	1
1566	1
1567	1
1568	1
1572	1
1574	2
1576	2
1577	1
1578	1
1581	1
1582	1
1590	1
1591	1
1592	1
1593	1
1595	1
1597	1
1598	1
1599	1
1603	1
1604	1
1608	1
1609	1
1610	2
1611	1
1612	1
1613	1
1616	1
1618	1
1622	1
1624	1
1625	1
1627	1
1629	1
1630	1
1632	2
1633	3
1634	1
1636	1
1637	1
1639	2
1645	1
1647	2
1652	2
1653	1
1654	2
1655	2
1659	1
1661	2
1662	1
1665	1
1671	1
1674	1
1675	1
1678	1
1680	2
1681	1
1682	1
1685	1
1686	1
1687	1
1688	1
1689	2
1691	1
1692	2
1695	2
1698	1
1699	1
1700	1
1702	1
1704	2
1706	2
1707	2
1708	1
1710	3
1715	3
1716	2
1717	2
1719	3
1720	2
1721	1
1725	2
1726	2
1728	1
1731	3
1734	1
1735	1
1736	1
1738	1
1739	1
1742	2
1743	1
1744	1
1745	2
1746	2
1747	1
1748	1
1751	1
1752	2
1755	1
1756	1
1757	1
1760	1
1763	1
1766	3
1767	1
1769	2
1770	1
1771	2
1773	1
1774	1
1778	1
1782	1
1783	1
1785	1
1786	3
1787	2
1789	1
1791	1
1792	3
1794	1
1795	1
1796	3
1798	1
1800	1
1802	1
1804	1
1808	3
1810	1
1811	3
1813	1
1817	2
1821	1
1824	1
1825	1
1826	2
1829	1
1833	1
1836	1
1837	2
1839	2
1840	2
1841	1
1842	1
1843	2
1844	2
1846	2
1851	1
1853	1
1854	1
1855	1
1857	1
1862	2
1863	1
1867	2
1868	2
1870	1
1871	3
1874	1
1876	1
1879	1
1882	1
1889	2
1890	1
1891	2
1892	2
1893	1
1894	1
1895	2
1897	2
1898	1
1902	1
1903	2
1906	3
1908	3
1909	1
1910	1
1912	1
1913	1
1915	1
1917	2
1921	1
1926	2
1931	1
1933	2
1934	1
1937	2
1938	1
1941	2
1942	1
1943	1
1944	1
1945	1
1947	2
1951	1
1962	1
1963	1
1965	1
1966	1
1967	1
1970	1
1974	1
1976	2
1980	1
1984	1
1985	2
1986	1
1987	2
1988	1
1992	1
1994	4
1998	1
2001	1
2002	1
2004	1
2005	1
2008	2
2013	1
2015	1
2016	1
2017	2
2018	1
2021	2
2022	1
2025	1
2026	1
2027	1
2028	1
2029	1
2030	1
2034	1
2039	1
2045	2
2052	2
2053	1
2055	1
2056	1
2060	1
2061	2
2063	1
2064	4
2066	1
2068	2
2069	1
2070	2
2072	1
2082	1
2088	1
2089	2
2090	1
2091	1
2092	1
2094	1
2098	1
2102	3
2103	2
2104	2
2106	1
2108	1
2110	1
2113	1
2114	1
2117	1
2118	2
2119	1
2121	1
2124	2
2125	2
2129	1
2130	2
2131	1
2133	1
2134	2
2136	1
2138	1
2140	2
2141	1
2142	1
2143	1
2144	3
2149	1
2150	2
2151	1
2152	1
2153	2
2154	2
2156	3
2159	2
2160	1
2165	1
2166	1
2167	1
2168	1
2169	1
2173	3
2176	1
2177	1
2178	2
2180	1
2182	1
2184	1
2186	1
2189	1
2191	1
2197	1
2198	1
2200	3
2202	2
2205	1
2206	1
2207	1
2208	1
2211	1
2212	2
2215	2
2217	2
2218	2
2220	4
2222	1
2223	2
2226	3
2230	2
2234	2
2235	1
2236	2
2238	2
2239	1
2240	2
2241	1
2243	2
2245	2
2248	1
2251	1
2253	1
2254	1
2258	1
2259	1
2262	1
2264	1
2265	1
2269	1
2270	2
2271	1
2274	1
2275	2
2279	1
2285	1
2286	1
2287	2
2291	1
2292	1
2297	2
2298	2
2300	1
2302	1
2305	1
2306	1
2307	2
2310	1
2312	1
2314	1
2319	1
2321	1
2326	1
2332	2
2333	1
2334	2
2335	1
2336	2
2338	1
2342	1
2343	2
2344	1
2348	1
2350	1
2351	1
2353	1
2354	2
2356	1
2360	1
2361	2
2366	2
2367	1
2370	2
2371	1
2372	1
2374	3
2376	1
2381	1
2382	1
2384	2
2385	1
2386	1
2388	1
2394	2
2396	1
2397	1
2400	1
2405	1
2407	2
2408	1
2409	1
2411	1
2413	1
2415	2
2418	1
2423	1
2427	1
2429	1
2430	2
2431	3
2432	1
2433	1
2434	1
2437	1
2439	2
2444	1
2445	2
2446	1
2449	1
2450	1
2452	1
2453	1
2456	2
2457	2
2458	2
2460	1
2461	2
2464	1
2466	1
2468	1
2470	3
2471	1
2474	1
2475	1
2478	2
2479	3
2480	1
2485	1
2486	1
2488	1
2490	1
2493	1
2495	2
2503	2
2504	1
2506	1
2507	2
2508	1
2509	1
2511	1
2514	1
2517	2
2519	3
2521	1
2523	1
2528	1
2530	1
2532	1
2534	1
2539	2
2541	1
2546	1
2547	1
2551	1
2554	1
2556	1
2559	1
2560	1
2563	1
2569	1
2572	1
2573	1
2577	1
2580	1
2582	1
2585	1
2588	1
2589	1
2592	1
2594	1
2596	1
2598	1
2600	2
2601	1
2603	1
2606	1
2608	1
2609	1
2610	2
2620	2
2622	1
2623	3
2625	1
2629	2
2631	5
2634	3
2636	1
2639	3
2640	1
2641	2
2642	1
2644	1
2645	1
2646	3
2648	2
2651	2
2658	1
2662	2
2663	1
2664	1
2665	1
2671	1
2672	1
2674	1
2675	1
2676	1
2678	1
2681	1
2685	2
2686	2
2687	1
2688	2
2691	1
2694	1
2695	1
2706	1
2707	1
2710	2
2718	1
2720	1
2721	1
2723	1
2724	3
2728	2
2731	2
2732	1
2733	2
2734	2
2737	1
2738	1
2744	1
2746	1
2752	2
2754	1
2755	3
2757	1
2758	1
2764	2
2765	1
2768	1
2769	1
2771	2
2772	1
2775	2
2777	1
2778	1
2780	1
2781	1
2784	1
2785	2
2787	1
2788	1
2789	2
2792	1
2795	1
2796	2
2797	1
2798	1
2800	1
2801	1
2803	2
2806	2
2812	1
2813	1
2815	1
2818	4
2821	2
2824	1
2829	1
2831	2
2833	1
2834	1
2836	1
2838	2
2840	1
2845	2
2846	1
2849	2
2850	1
2852	1
2857	1
2859	2
2860	2
2862	1
2864	1
2865	1
2866	1
2867	2
2876	1
2878	1
2882	1
2883	2
2884	1
2886	2
2889	1
2892	3
2895	1
2896	1
2898	1
2902	2
2907	1
2911	1
2912	2
2914	2
2916	1
2918	1
2920	1
2923	1
2925	2
2927	1
2931	1
2932	1
2933	1
2937	1
2939	2
2941	1
2944	1
2947	1
2959	2
2963	1
2965	1
2966	1
2967	2
2970	1
2971	1
2973	1
2975	2
2978	1
2979	1
2982	1
2983	1
2984	1
2985	2
2987	1
2989	1
2990	1
2992	2
2993	1
2995	1
2996	1
3005	1
3006	1
3011	2
3013	2
3017	2
3018	2
3022	1
3025	2
3026	1
3029	1
3030	1
3032	2
3034	1
3037	2
3039	1
3043	2
3045	1
3046	3
3048	1
3050	1
3051	2
3052	1
3055	1
3056	1
3064	1
3066	2
3068	1
3069	2
3071	1
3072	1
3073	2
3077	1
3083	2
3085	1
3086	1
3087	1
3088	1
3094	1
3095	1
3096	1
3098	1
3100	1
3101	4
3102	1
3105	1
3108	3
3109	1
3110	1
3112	1
3116	1
3119	1
3121	1
3122	1
3130	1
3131	2
3138	1
3140	1
3143	1
3146	1
3147	2
3151	2
3152	2
3155	1
3156	2
3157	1
3159	1
3160	1
3162	1
3165	1
3174	1
3175	1
3176	1
3177	1
3179	1
3182	1
3185	2
3186	1
3187	1
3189	1
3191	1
3192	1
3195	2
3197	1
3201	1
3206	1
3207	1
3217	1
3222	1
3223	1
3224	1
3226	1
3228	1
3233	1
3235	2
3236	1
3237	2
3238	1
3240	1
3241	1
3242	1
3243	1
3245	1
3248	1
3250	2
3251	2
3253	2
3254	1
3257	1
3259	1
3260	2
3261	1
3263	1
3266	1
3269	3
3271	1
3272	2
3273	1
3277	1
3282	2
3286	1
3288	1
3292	1
3293	1
3295	2
3299	1
3302	1
3304	2
3305	2
3307	1
3308	1
3310	1
3312	1
3313	1
3314	1
3316	2
3317	1
3320	3
3322	1
3323	1
3325	1
3326	1
3327	1
3328	1
3331	2
3333	1
3336	1
3337	1
3338	2
3339	1
3341	1
3342	1
3343	1
3345	2
3346	1
3348	3
3355	1
3356	1
3358	1
3359	1
3362	1
3363	2
3369	3
3370	1
3371	2
3372	2
3375	2
3377	1
3380	1
3381	1
3384	1
3385	1
3391	1
3394	2
3400	1
3401	1
3403	1
3404	1
3406	1
3407	1
3410	1
3412	1
3419	1
3421	1
3427	1
3431	2
3435	1
3436	3
3441	1
3442	1
3445	1
3446	1
3448	1
3449	1
3455	1
3456	1
3457	2
3460	1
3461	1
3462	3
3463	2
3465	1
3470	1
3471	1
3472	2
3473	1
3477	2
3478	1
3480	1
3482	2
3484	1
3486	1
3488	1
3489	1
3493	1
3494	1
3496	1
3500	1
3502	1
3504	2
3510	1
3514	1
3515	1
3517	2
3519	1
3520	1
3521	1
3522	1
3526	1
3529	1
3531	1
3533	2
3534	1
3535	2
3540	2
3544	1
3545	1
3548	1
3550	2
3551	1
3552	1
3554	1
3555	1
3557	1
3559	1
3565	1
3567	1
3568	1
3569	1
3574	1
3575	1
3576	3
3577	1
3580	1
3582	1
3585	1
3586	1
3587	1
3593	1
3594	1
3598	1
3599	2
3600	1
3601	1
3603	1
3604	1
3605	3
3606	1
3607	2
3616	1
3618	1
3619	1
3620	1
3621	3
3628	2
3629	1
3631	2
3632	1
3634	1
3636	1
3639	2
3645	1
3646	1
3647	1
3648	3
3651	1
3652	2
3653	2
3654	2
3656	5
3657	1
3659	1
3661	1
3668	2
3669	1
3671	1
3672	1
3673	1
3674	1
3675	3
3676	1
3679	1
3680	1
3686	1
3687	1
3690	1
3694	3
3703	1
3705	2
3706	1
3707	1
3708	1
3711	1
3715	1
3717	1
3724	1
3725	3
3728	1
3732	1
3734	1
3735	1
3736	1
3737	1
3739	2
3746	2
3747	1
3749	1
3751	1
3755	1
3756	1
3757	1
3759	1
3760	1
3761	1
3762	1
3764	1
3766	2
3770	1
3773	1
3774	2
3777	1
3779	1
3780	1
3781	1
3788	3
3789	3
3790	1
3794	1
3795	1
3797	2
3799	1
3801	2
3803	1
3804	1
3806	1
3808	1
3809	2
3815	2
3817	1
3819	1
3823	1
3827	1
3829	2
3831	1
3832	2
3833	1
3834	1
3836	1
3838	3
3840	3
3845	1
3853	1
3855	3
3858	1
3860	1
3869	1
3871	1
3880	1
3882	1
3884	1
3889	1
3890	1
3894	1
3895	1
3897	1
3899	1
3900	1
3903	1
3904	1
3910	1
3912	1
3914	1
3915	1
3920	2
3921	2
3923	1
3924	1
3925	1
3926	1
3928	1
3932	1
3934	1
3936	1
3937	1
3944	1
3945	1
3949	1
3952	1
3959	1
3960	2
3966	1
3967	2
3968	2
3973	1
3978	1
3986	1
3989	1
3997	1
4000	1
4002	1
4004	2
4006	1
4007	1
4011	1
4014	2
4015	1
4020	1
4021	1
4022	2
4023	1
4028	1
4029	1
4031	1
4032	4
4033	1
4038	2
4039	1
4045	1
4046	1
4047	1
4048	1
4049	1
4050	1
4056	1
4057	1
4058	1
4059	1
4067	1
4070	1
4071	1
4072	2
4073	1
4075	1
4077	1
4078	2
4081	1
4084	1
4086	1
4087	1
4088	1
4097	1
4098	1
4099	1
4101	1
4106	1
4109	1
4110	1
4114	1
4119	1
4123	1
4127	1
4129	1
4132	1
4133	2
4145	2
4149	1
4150	1
4153	1
4154	1
4156	1
4158	1
4161	1
4163	1
4165	1
4166	1
4170	1
4171	1
4173	2
4174	1
4176	1
4179	2
4183	1
4188	1
4189	1
4196	2
4199	1
4202	1
4206	1
4208	1
4211	1
4214	1
4219	1
4222	1
4224	2
4225	1
4226	2
4234	1
4238	1
4239	2
4241	1
4243	1
4244	2
4246	1
4255	1
4257	1
4259	1
4260	1
4261	1
4263	1
4264	1
4265	1
4267	2
4270	1
4271	2
4272	2
4275	1
4278	3
4279	1
4281	1
4284	1
4288	1
4290	1
4291	1
4294	2
4296	1
4298	1
4302	2
4305	2
4308	1
4312	1
4314	1
4316	1
4321	1
4329	1
4332	2
4335	1
4337	1
4341	2
4342	2
4346	1
4348	6
4351	2
4357	1
4359	1
4362	1
4363	1
4364	1
4366	1
4367	1
4369	1
4371	1
4373	1
4377	1
4378	1
4379	1
4380	2
4381	1
4386	2
4387	2
4389	1
4390	2
4391	2
4392	1
4394	1
4406	1
4408	1
4409	2
4411	3
4413	1
4417	1
4419	1
4421	1
4422	1
4423	2
4425	1
4426	1
4435	2
4437	2
4438	1
4439	2
4445	1
4446	1
4448	1
4451	1
4452	1
4453	1
4457	4
4460	1
4461	1
4465	1
4466	1
4468	1
4472	1
4476	1
4479	1
4486	2
4488	1
4490	2
4493	1
4495	2
4496	2
4497	3
4498	1
4499	2
4502	1
4503	2
4505	2
4506	1
4507	1
4511	1
4513	2
4517	1
4521	1
4525	3
4526	1
4529	1
4531	1
4533	2
4538	1
4539	1
4541	1
4542	1
4545	2
4546	1
4547	3
4548	1
4549	1
4550	3
4552	1
4555	1
4558	1
4560	1
4562	1
4564	1
4566	1
4567	2
4569	1
4571	1
4577	1
4579	1
4582	1
4583	1
4584	2
4586	1
4589	1
4592	1
4596	2
4602	1
4613	1
4615	1
4629	2
4632	1
4633	2
4636	1
4637	1
4639	1
4640	1
4641	1
4644	1
4651	1
4652	2
4654	1
4655	1
4657	4
4659	1
4660	1
4661	2
4664	3
4665	1
4666	1
4668	2
4669	2
4670	2
4675	1
4677	1
4680	2
4682	2
4683	2
4685	2
4687	1
4689	1
4691	1
4692	2
4693	2
4695	1
4696	1
4697	4
4698	2
4701	1
4703	1
4704	1
4705	3
4708	2
4709	2
4710	1
4711	1
4712	1
4715	1
4716	2
4717	3
4718	1
4721	1
4725	1
4726	1
4728	3
4731	1
4733	1
4734	1
4737	2
4738	1
4741	1
4742	2
4745	1
4747	1
4748	1
4749	1
4750	1
4753	1
4755	2
4757	1
4758	2
4763	2
4764	2
4766	3
4768	1
4770	2
4771	1
4774	1
4777	2
4779	1
4780	2
4784	1
4785	3
4786	1
4788	1
4791	2
4792	1
4793	1
4794	3
4797	1
4798	4
4799	1
4802	1
4803	1
4805	1
4807	1
4808	1
4812	1
4814	1
4815	1
4818	1
4819	1
4821	1
4823	1
4824	1
4825	1
4826	3
4827	2
4828	1
4829	1
4830	1
4834	1
4835	1
4836	1
4840	3
4841	1
4843	1
4845	1
4846	1
4847	2
4848	3
4849	1
4853	2
4857	1
4860	1
4861	2
4862	2
4866	1
4867	2
4868	1
4870	2
4875	1
4878	1
4879	2
4882	1
4883	1
4886	1
4887	1
4888	2
4890	2
4893	2
4895	1
4897	1
4898	1
4899	3
4900	1
4902	2
4903	2
4909	2
4910	3
4912	1
4913	1
4914	1
4916	3
4917	1
4918	1
4919	1
4920	3
4921	2
4923	2
4925	2
4929	2
4931	1
4932	1
4935	1
4940	1
4942	3
4943	2
4945	1
4947	1
4948	1
4949	1
4950	1
4951	1
4953	1
4954	1
4957	2
4960	1
4961	3
4962	1
4964	2
4965	2
4967	2
4968	1
4970	5
4971	1
4973	2
4975	1
4976	3
4977	3
4978	1
4979	2
4980	1
4982	2
4983	2
4984	1
4985	2
4986	1
4987	1
4990	3
4991	4
4992	1
4993	1
4995	1
4996	2
4997	1
4998	2
4999	2
5000	3
5002	1
5004	2
5006	2
5007	1
5008	2
5009	1
5014	1
5015	1
5016	3
5018	1
5019	1
5020	1
5022	2
5023	4
5025	1
5027	2
5028	1
5031	1
5032	1
5033	1
5034	4
5036	2
5037	3
5039	3
5041	1
5042	1
5043	1
5047	2
5048	1
5049	2
5050	1
5051	2
5052	1
5053	1
5054	1
5056	1
5057	1
5058	1
5060	2
5061	1
5062	2
5063	2
5064	1
5066	2
5067	2
5068	1
5069	1
5070	1
5072	1
5075	2
5076	1
5077	1
5078	1
5081	2
5082	2
5083	1
5084	2
5085	1
5086	1
5088	1
5091	2
5092	3
5093	1
5094	1
5095	2
5096	1
5097	3
5098	1
5099	1
5100	1
5101	2
5102	1
5103	1
5105	2
5106	2
5107	2
5108	1
5109	1
5110	2
5111	1
5112	2
5113	2
5114	2
5116	1
5120	3
5121	1
5122	1
5123	1
5125	2
5126	2
5127	3
5128	1
5130	1
5132	2
5133	1
5134	1
5135	2
5138	1
5139	2
5140	2
5141	2
5144	3
5146	1
5147	2
5148	1
5149	1
5150	3
5152	2
5153	1
5154	2
5155	1
5158	3
5160	3
5161	2
5163	1
5164	1
5165	2
5167	1
5168	1
5169	2
5172	1
5173	4
5175	1
5176	1
5177	1
5178	2
5180	1
5181	2
5182	1
5183	1
5184	1
5185	1
5188	1
5189	2
5190	1
5193	2
5194	2
5195	2
5197	2
5198	3
5200	3
5201	1
5202	2
5203	2
5204	1
5205	1
5207	2
5208	1
5209	2
5211	1
5212	1
5213	1
5214	2
5215	3
5216	3
5217	1
5219	1
5222	2
5226	1
5227	2
5228	3
5229	1
5230	2
5231	2
5232	1
5233	1
5234	3
5235	1
5236	4
5237	2
5239	4
5242	3
5243	2
5244	2
5245	2
5246	2
5247	1
5249	1
5250	2
5252	1
5254	3
5255	1
5259	2
5260	1
5261	1
5262	1
5263	3
5264	1
5265	1
5268	1
5269	2
5274	4
5275	4
5276	1
5277	2
5278	1
5279	3
5281	1
5282	3
5283	2
5284	1
5285	1
5286	2
5287	3
5288	1
5289	2
5290	1
5292	2
5293	4
5294	3
5295	2
5297	2
5298	2
5299	1
5301	1
5302	2
5303	1
5304	1
5305	2
5306	2
5307	1
5309	5
5311	1
5313	5
5314	1
5317	2
5318	5
5321	3
5322	1
5323	1
5324	3
5325	1
5327	3
5330	4
5331	2
5332	1
5333	2
5334	3
5335	1
5336	1
5337	3
5338	1
5339	2
5341	2
5342	2
5344	4
5345	2
5346	2
5347	1
5351	1
5352	1
5353	2
5354	3
5355	3
5356	1
5357	1
5359	2
5361	2
5363	2
5364	2
5367	1
5368	1
5370	1
5371	1
5372	4
5375	2
5377	1
5378	1
5379	3
5380	3
5381	2
5383	1
5384	5
5385	2
5386	1
5387	2
5388	2
5389	3
5390	2
5391	1
5392	4
5393	1
5394	3
5396	2
5397	4
5398	1
5402	1
5403	1
5404	1
5406	4
5407	1
5408	1
5409	2
5410	3
5411	3
5412	1
5413	2
5414	1
5415	1
5416	3
5417	2
5418	3
5419	2
5421	1
5422	2
5423	2
5425	3
5426	1
5427	1
5429	1
5430	2
5431	1
5432	2
5433	2
5435	1
5436	3
5437	2
5438	1
5440	1
5442	2
5443	1
5445	4
5446	1
5448	2
5449	4
5450	3
5451	1
5452	3
5453	2
5455	2
5456	4
5458	2
5459	3
5460	1
5461	1
5462	4
5463	2
5466	2
5468	1
5469	3
5471	1
5472	1
5473	1
5474	1
5475	2
5476	2
5477	1
5479	2
5481	3
5482	1
5483	2
5484	1
5485	2
5486	4
5488	1
5490	1
5493	3
5494	1
5496	1
5497	1
5498	3
5499	3
5500	2
5501	2
5502	1
5503	2
5505	2
5506	1
5507	2
5508	2
5510	1
5511	2
5512	2
5513	1
5516	1
5517	2
5518	2
5519	5
5520	1
5521	3
5522	3
5523	1
5524	1
5525	2
5526	2
5527	2
5528	1
5529	2
5530	1
5531	1
5532	4
5534	1
5535	1
5536	1
5537	1
5538	1
5539	2
5540	1
5541	1
5542	2
5543	3
5544	1
5545	1
5548	3
5550	4
5551	1
5552	3
5553	1
5554	5
5556	3
5557	1
5558	3
5559	6
5561	2
5562	4
5563	2
5564	2
5565	1
5566	1
5567	1
5568	1
5569	3
5570	4
5571	1
5573	2
5574	1
5575	3
5576	4
5577	1
5578	1
5580	2
5581	1
5582	2
5585	4
5587	1
5588	2
5590	1
5591	1
5592	5
5594	5
5597	2
5598	4
5600	6
5602	2
5603	1
5604	3
5605	5
5606	3
5607	1
5608	1
5610	1
5612	3
5614	1
5616	1
5618	1
5619	2
5620	2
5621	1
5622	3
5623	2
5624	1
5625	3
5626	1
5627	1
5628	2
5629	4
5630	2
5631	1
5633	1
5634	3
5635	1
5636	1
5637	2
5640	1
5641	3
5642	2
5643	2
5644	2
5645	2
5647	2
5649	1
5650	1
5651	1
5652	1
5653	3
5655	2
5656	1
5657	1
5658	2
5659	1
5662	1
5664	1
5665	3
5666	2
5667	1
5668	1
5669	4
5671	1
5672	2
5673	2
5674	1
5675	1
5676	3
5677	3
5679	1
5680	3
5681	1
5684	4
5685	4
5686	4
5687	2
5688	3
5689	4
5690	4
5691	2
5692	2
5693	2
5694	2
5695	1
5696	2
5699	3
5700	2
5701	1
5703	2
5704	2
5705	2
5706	3
5707	2
5708	2
5709	2
5710	3
5713	1
5714	2
5715	1
5716	3
5717	2
5718	2
5723	1
5724	3
5725	3
5726	4
5727	2
5728	1
5729	2
5730	2
5731	1
5732	2
5733	1
5734	1
5735	3
5736	3
5737	2
5738	2
5739	2
5741	2
5742	1
5743	1
5744	1
5745	2
5746	2
5748	4
5749	3
5752	2
5754	4
5755	3
5756	2
5757	1
5758	5
5759	3
5760	3
5761	1
5762	1
5763	3
5764	2
5765	1
5766	2
5767	4
5768	4
5769	5
5770	1
5771	3
5772	6
5773	1
5774	2
5775	3
5777	3
5778	3
5779	3
5780	3
5781	3
5782	3
5783	1
5784	4
5785	1
5786	2
5787	2
5788	2
5789	6
5790	3
5791	2
5793	2
5794	1
5795	2
5796	2
5798	1
5799	3
5800	1
5801	3
5802	1
5803	1
5804	1
5805	1
5806	7
5807	1
5808	1
5809	2
5811	1
5812	1
5813	1
5814	1
5817	3
5818	3
5819	2
5820	1
5821	3
5822	1
5823	2
5825	1
5826	2
5827	1
5828	2
5829	1
5832	4
5833	3
5834	3
5835	3
5836	1
5837	6
5838	1
5839	1
5840	2
5841	1
5842	2
5843	2
5844	4
5845	3
5846	3
5848	4
5849	2
5850	2
5851	2
5852	5
5853	2
5855	4
5856	2
5857	1
5858	3
5860	2
5862	3
5863	2
5865	4
5867	4
5868	2
5869	1
5870	2
5871	4
5872	4
5874	1
5875	3
5877	3
5879	2
5880	3
5881	2
5882	2
5883	3
5884	4
5885	3
5886	3
5887	1
5888	1
5889	1
5890	2
5891	3
5892	2
5895	1
5896	1
5897	2
5898	2
5899	2
5900	6
5901	1
5902	3
5903	1
5904	4
5906	3
5907	3
5908	2
5909	3
5910	1
5911	3
5912	1
5913	2
5914	3
5916	3
5917	1
5918	2
5919	1
5920	1
5921	1
5922	2
5923	2
5924	2
5925	3
5926	1
5927	1
5928	2
5930	2
5931	4
5932	4
5933	3
5935	3
5936	3
5937	4
5938	1
5939	4
5940	3
5943	3
5944	4
5945	3
5946	2
5948	3
5949	2
5950	4
5951	1
5953	5
5954	1
5955	1
5956	3
5957	3
5958	3
5959	4
5961	1
5962	1
5963	2
5964	1
5965	2
5966	6
5967	1
5970	2
5971	1
5973	2
5974	5
5975	2
5976	4
5977	2
5978	2
5979	1
5980	2
5981	1
5982	7
5983	4
5984	1
5985	2
5986	4
5987	3
5988	1
5990	2
5991	1
5992	2
5993	1
5994	2
5995	2
5997	3
5998	1
5999	3
6000	1
6001	2
6003	1
6004	3
6006	3
6007	4
6008	3
6009	4
6010	1
6012	1
6013	2
6014	4
6015	1
6016	2
6017	3
6019	2
6020	3
6021	2
6022	1
6023	5
6024	3
6025	3
6026	2
6027	1
6028	3
6029	4
6030	2
6031	3
6032	2
6033	2
6034	2
6035	3
6036	2
6037	1
6038	3
6039	3
6040	1
6042	2
6043	3
6044	3
6046	3
6047	2
6048	1
6049	1
6050	2
6051	2
6052	4
6054	2
6055	2
6056	1
6057	3
6058	8
6059	3
6060	7
6061	4
6062	5
6063	1
6064	3
6065	2
6066	2
6067	1
6068	3
6069	1
6070	2
6071	2
6072	1
6073	4
6074	5
6075	3
6076	2
6077	2
6078	2
6079	1
6080	2
6081	1
6082	1
6083	3
6084	1
6085	2
6086	7
6087	3
6088	3
6089	2
6090	1
6091	1
6092	3
6093	2
6094	4
6095	6
6096	2
6097	6
6098	4
6099	4
6100	3
6101	2
6103	4
6105	2
6106	4
6107	6
6108	1
6109	3
6110	4
6111	2
6112	1
6113	6
6114	3
6115	1
6116	2
6117	1
6118	4
6119	3
6120	3
6121	4
6122	2
6123	1
6125	1
6126	1
6127	2
6128	4
6129	4
6130	3
6131	3
6132	2
6133	2
6134	4
6135	6
6136	4
6137	3
6138	2
6139	1
6140	1
6141	3
6145	1
6146	1
6147	5
6148	4
6149	2
6150	3
6151	2
6152	4
6153	1
6154	1
6155	7
6156	4
6157	1
6158	5
6159	1
6160	4
6161	2
6162	6
6163	2
6164	2
6165	3
6167	2
6168	1
6169	1
6170	1
6171	3
6172	1
6173	6
6174	3
6175	4
6176	6
6177	4
6178	3
6179	4
6183	1
6184	5
6185	4
6186	2
6187	4
6191	3
6192	3
6193	3
6194	2
6195	4
6196	3
6197	7
6198	1
6199	1
6200	3
6201	2
6202	5
6203	4
6204	1
6205	3
6206	4
6209	4
6210	4
6211	3
6212	2
6213	1
6216	3
6217	7
6218	4
6219	3
6220	7
6221	1
6222	3
6223	1
6224	2
6225	4
6226	3
6227	3
6228	1
6229	2
6231	4
6232	4
6233	2
6234	1
6235	1
6236	2
6237	3
6238	4
6239	1
6240	4
6241	1
6242	2
6243	1
6244	2
6245	2
6246	2
6247	1
6248	1
6249	5
6250	2
6251	4
6252	2
6253	2
6254	3
6255	3
6256	1
6257	2
6258	4
6259	2
6260	2
6261	4
6262	2
6263	2
6264	1
6265	5
6266	1
6267	2
6268	6
6269	3
6270	3
6271	5
6272	1
6273	2
6274	5
6275	3
6276	3
6277	5
6278	1
6279	5
6280	7
6282	1
6283	2
6284	4
6285	3
6286	2
6287	2
6288	3
6289	2
6290	7
6291	1
6292	5
6293	1
6294	7
6295	2
6296	3
6297	3
6298	3
6299	2
6300	2
6301	3
6302	2
6303	1
6305	3
6306	2
6307	2
6308	4
6310	4
6311	1
6312	7
6313	2
6314	3
6315	2
6316	1
6317	1
6318	2
6320	2
6321	1
6322	4
6323	4
6324	3
6325	3
6326	2
6327	2
6328	1
6329	3
6330	2
6331	5
6332	2
6333	3
6334	2
6335	1
6336	2
6339	2
6340	2
6341	1
6342	1
6343	1
6344	1
6345	3
6346	3
6347	2
6348	2
6349	1
6350	3
6351	2
6352	4
6353	2
6354	2
6355	3
6357	1
6358	4
6359	5
6360	3
6361	2
6362	2
6363	3
6364	3
6365	2
6366	4
6367	3
6368	3
6369	3
6370	1
6371	2
6372	3
6373	2
6374	1
6375	4
6376	2
6378	1
6379	4
6380	2
6381	2
6382	2
6383	1
6384	2
6385	2
6386	2
6388	2
6389	4
6390	3
6391	3
6392	1
6393	5
6394	3
6395	2
6396	4
6397	2
6398	2
6399	4
6400	4
6401	2
6402	3
6403	2
6404	2
6405	3
6406	2
6407	2
6408	2
6409	2
6410	2
6411	2
6412	3
6413	3
6414	6
6416	5
6417	3
6418	3
6419	1
6420	3
6421	1
6422	3
6423	4
6424	4
6425	3
6426	3
6427	2
6428	6
6429	5
6430	1
6431	4
6432	1
6433	4
6434	4
6435	7
6436	1
6437	2
6438	2
6439	2
6440	5
6441	1
6442	5
6443	1
6444	1
6445	4
6446	4
6448	2
6449	2
6450	8
6451	2
6452	2
6453	1
6454	2
6455	2
6457	5
6458	6
6459	2
6460	4
6461	7
6462	2
6464	3
6465	2
6466	3
6467	2
6468	5
6469	5
6470	1
6471	2
6473	1
6474	5
6475	2
6476	3
6477	3
6478	1
6479	6
6480	2
6481	6
6482	5
6483	1
6484	5
6485	1
6486	2
6487	3
6488	6
6489	1
6490	2
6491	5
6492	3
6493	3
6494	4
6495	1
6496	5
6497	4
6498	2
6499	4
6500	4
6501	4
6502	1
6504	4
6505	2
6506	3
6508	5
6509	5
6510	1
6511	3
6512	2
6514	4
6515	2
6516	5
6517	3
6518	1
6519	1
6520	2
6521	6
6523	2
6524	2
6525	7
6526	3
6527	3
6528	4
6529	3
6530	4
6531	1
6533	3
6534	2
6535	2
6536	2
6537	6
6538	1
6539	3
6540	3
6542	4
6543	2
6544	1
6545	3
6546	2
6547	6
6548	1
6549	4
6550	2
6551	4
6552	8
6553	3
6554	2
6555	2
6556	5
6557	4
6558	2
6559	2
6560	2
6561	4
6562	2
6563	5
6564	1
6565	4
6566	3
6567	5
6568	1
6569	5
6570	3
6571	2
6572	5
6574	2
6575	7
6576	8
6577	3
6578	2
6579	1
6580	2
6581	4
6582	1
6583	2
6584	6
6585	3
6586	3
6589	2
6590	2
6592	3
6593	2
6594	6
6595	2
6596	4
6597	4
6598	4
6599	2
6600	2
6601	6
6602	2
6603	4
6604	1
6605	7
6606	4
6607	4
6608	2
6609	3
6610	1
6611	6
6612	5
6613	2
6614	4
6615	3
6616	2
6617	2
6618	2
6619	3
6620	4
6621	3
6622	5
6623	2
6624	2
6625	5
6626	1
6627	6
6629	5
6630	3
6631	1
6632	3
6633	1
6634	1
6635	4
6636	2
6637	2
6638	4
6639	3
6640	4
6641	5
6642	2
6643	1
6644	4
6645	3
6646	6
6647	1
6648	2
6649	2
6650	1
6651	2
6652	2
6653	4
6654	3
6655	2
6656	2
6657	2
6658	1
6659	8
6660	3
6661	3
6663	2
6664	3
6665	3
6666	4
6667	3
6668	1
6669	3
6670	2
6671	1
6672	4
6673	3
6674	1
6675	4
6676	5
6677	1
6678	2
6679	7
6680	2
6681	4
6682	3
6683	5
6684	2
6685	2
6686	3
6687	3
6688	3
6689	5
6690	3
6691	3
6692	4
6693	4
6694	2
6695	7
6696	3
6698	5
6699	1
6700	3
6701	6
6702	6
6703	4
6704	6
6705	2
6706	1
6707	8
6708	2
6709	2
6710	5
6711	3
6712	3
6714	1
6715	4
6716	2
6717	3
6718	2
6719	6
6721	3
6722	4
6723	2
6725	4
6726	3
6727	4
6728	4
6729	4
6730	5
6732	5
6733	1
6734	1
6735	2
6736	3
6737	4
6738	4
6739	2
6740	6
6741	5
6742	4
6743	2
6744	2
6745	4
6746	4
6747	5
6748	3
6749	2
6750	6
6751	3
6752	1
6753	3
6755	5
6756	2
6757	3
6758	2
6759	2
6760	4
6761	4
6762	4
6763	3
6764	2
6765	4
6766	1
6767	2
6768	2
6769	5
6770	2
6771	2
6772	1
6773	1
6774	3
6775	5
6777	3
6778	3
6779	6
6780	1
6781	4
6782	5
6783	2
6784	5
6785	5
6786	3
6787	2
6789	2
6790	5
6791	5
6792	1
6793	1
6794	5
6795	3
6796	2
6797	2
6798	3
6799	1
6801	1
6802	4
6804	3
6805	4
6806	2
6807	2
6808	4
6809	3
6810	1
6811	3
6812	1
6813	3
6814	1
6815	4
6816	2
6817	1
6819	4
6820	1
6821	4
6822	2
6823	1
6824	5
6825	1
6826	6
6827	3
6828	2
6829	1
6830	2
6831	7
6832	1
6833	1
6834	2
6835	3
6836	2
6837	1
6838	2
6839	3
6840	4
6841	2
6842	2
6843	2
6844	4
6845	3
6846	1
6847	1
6848	2
6849	2
6850	4
6851	6
6852	2
6853	4
6854	2
6855	4
6856	1
6857	2
6858	1
6860	2
6861	3
6862	5
6863	4
6864	3
6865	2
6867	2
6868	1
6869	2
6871	6
6872	6
6873	5
6874	2
6875	2
6876	5
6877	2
6878	2
6879	3
6880	1
6881	5
6882	3
6883	5
6884	1
6885	3
6886	2
6887	4
6888	1
6889	2
6890	5
6891	3
6892	1
6893	2
6894	4
6895	1
6896	4
6897	3
6898	1
6899	2
6900	4
6901	1
6902	2
6904	5
6905	2
6906	2
6907	1
6908	2
6909	4
6910	4
6911	1
6912	5
6914	4
6915	2
6916	3
6917	4
6918	3
6919	4
6920	3
6921	2
6922	1
6923	3
6924	3
6927	3
6928	5
6929	1
6930	5
6931	4
6932	2
6933	3
6934	2
6935	4
6936	1
6937	1
6938	2
6939	3
6940	1
6942	4
6943	4
6944	5
6945	2
6947	4
6948	3
6949	4
6951	1
6953	1
6954	2
6955	2
6956	5
6957	1
6958	1
6960	4
6961	2
6962	4
6963	1
6964	4
6965	1
6966	2
6967	1
6968	1
6969	5
6971	2
6972	6
6973	6
6974	2
6976	6
6977	4
6978	2
6979	2
6980	1
6981	1
6982	2
6983	2
6984	3
6985	3
6986	4
6987	1
6988	2
6989	5
6990	5
6991	2
6992	3
6993	1
6994	5
6995	1
6996	3
6997	3
6998	1
6999	2
7000	6
7001	2
7002	5
7003	4
7004	4
7005	4
7006	3
7007	2
7008	4
7009	2
7010	4
7011	3
7014	3
7015	3
7016	4
7017	3
7018	5
7019	3
7020	2
7021	4
7022	3
7023	2
7024	3
7025	2
7026	5
7027	2
7028	2
7029	4
7030	4
7031	2
7032	3
7033	3
7034	4
7035	7
7037	3
7038	3
7039	3
7040	2
7041	2
7042	2
7043	9
7044	2
7045	5
7046	5
7047	3
7049	7
7050	3
7051	3
7052	1
7053	3
7054	2
7055	3
7056	1
7057	4
7058	6
7059	2
7060	3
7061	5
7062	3
7063	4
7064	1
7065	1
7066	5
7067	2
7068	1
7069	1
7070	4
7072	2
7073	7
7074	1
7075	3
7076	4
7077	2
7078	3
7079	2
7080	4
7082	5
7083	1
7084	1
7085	3
7086	4
7087	2
7088	3
7089	1
7090	1
7091	5
7092	5
7093	4
7094	3
7095	1
7096	4
7097	3
7098	5
7099	5
7100	4
7101	1
7103	1
7104	2
7105	4
7106	2
7107	3
7108	2
7109	5
7110	3
7111	7
7112	6
7113	2
7114	1
7115	4
7116	4
7117	3
7118	3
7119	4
7120	3
7121	4
7122	2
7123	2
7124	4
7125	2
7126	1
7127	2
7128	3
7129	4
7130	1
7131	3
7132	2
7133	2
7134	1
7135	1
7136	2
7137	3
7138	4
7139	7
7140	1
7141	4
7142	5
7143	5
7144	4
7145	1
7146	2
7147	2
7148	3
7149	3
7150	4
7151	5
7152	1
7153	2
7154	1
7155	3
7157	5
7158	5
7159	4
7160	1
7161	2
7162	2
7164	6
7165	3
7166	8
7167	3
7168	4
7169	5
7170	3
7171	2
7172	2
7173	3
7174	5
7175	1
7176	5
7177	3
7178	1
7179	3
7180	3
7181	5
7182	3
7183	1
7184	5
7185	4
7186	1
7187	4
7188	5
7189	3
7190	8
7191	2
7192	3
7193	3
7194	2
7195	3
7196	1
7197	3
7198	2
7199	1
7200	3
7201	3
7202	3
7203	1
7204	2
7205	2
7206	1
7207	3
7208	2
7209	1
7210	3
7211	4
7212	1
7213	1
7214	1
7215	4
7216	9
7217	3
7218	2
7219	1
7220	1
7221	3
7223	2
7224	5
7225	7
7226	3
7227	3
7228	2
7229	4
7230	5
7231	6
7232	4
7233	1
7234	2
7235	2
7236	3
7237	3
7238	3
7239	1
7240	1
7241	1
7242	4
7243	5
7244	4
7245	6
7246	5
7247	1
7248	1
7249	4
7250	4
7251	1
7252	3
7254	4
7255	1
7256	3
7257	4
7258	1
7259	2
7260	1
7261	2
7262	1
7263	4
7264	4
7265	2
7266	3
7267	2
7268	1
7269	3
7270	3
7271	2
7272	7
7273	1
7274	2
7275	2
7276	2
7277	5
7278	3
7279	1
7280	2
7281	4
7282	2
7283	1
7284	2
7285	4
7286	3
7287	1
7288	2
7289	1
7290	4
7291	3
7292	6
7293	5
7294	3
7295	3
7296	2
7297	3
7298	6
7299	1
7300	3
7301	5
7302	1
7303	1
7305	8
7306	4
7307	4
7308	4
7309	3
7310	5
7311	6
7312	1
7313	3
7314	1
7315	3
7316	5
7317	5
7319	2
7320	5
7322	3
7323	3
7324	2
7325	4
7326	4
7327	4
7328	1
7329	3
7330	2
7331	2
7332	4
7333	4
7334	2
7335	4
7336	4
7337	4
7338	3
7339	4
7340	1
7341	4
7342	2
7343	4
7345	2
7346	2
7347	5
7348	3
7349	3
7350	2
7351	3
7352	1
7353	1
7354	3
7355	4
7356	3
7357	2
7358	5
7359	2
7360	2
7361	1
7362	2
7363	2
7364	4
7365	4
7366	2
7367	6
7368	4
7369	1
7370	1
7371	4
7372	7
7373	4
7374	2
7375	3
7376	3
7377	5
7378	4
7379	2
7380	4
7381	2
7382	2
7383	4
7384	2
7385	4
7386	1
7388	1
7389	5
7390	5
7391	4
7392	1
7393	2
7394	6
7395	2
7396	5
7397	5
7398	7
7399	3
7400	2
7401	4
7402	7
7403	3
7404	3
7405	3
7406	3
7407	3
7408	4
7409	4
7410	4
7411	2
7412	6
7413	5
7415	3
7416	6
7417	2
7418	4
7419	2
7420	6
7421	4
7422	1
7423	4
7424	6
7425	1
7426	1
7427	2
7428	2
7429	5
7430	4
7431	6
7432	5
7433	6
7434	2
7435	3
7436	3
7438	1
7440	2
7441	4
7442	1
7444	5
7445	5
7446	6
7447	3
7448	1
7449	1
7450	2
7451	3
7452	1
7454	2
7455	1
7456	5
7458	3
7459	4
7460	7
7461	5
7462	3
7463	5
7464	9
7465	5
7466	8
7467	3
7468	2
7469	3
7470	2
7471	7
7472	4
7474	2
7475	5
7476	6
7477	2
7479	4
7480	3
7481	1
7482	3
7483	1
7484	2
7485	7
7486	5
7487	6
7488	1
7489	1
7490	6
7491	1
7492	2
7493	2
7494	4
7495	3
7496	1
7497	2
7498	3
7499	3
7500	3
7501	4
7502	3
7503	3
7504	2
7506	3
7508	2
7509	2
7511	5
7512	4
7513	5
7514	2
7515	1
7516	2
7517	4
7518	2
7519	3
7520	2
7521	5
7522	7
7523	3
7524	8
7525	3
7526	3
7527	5
7528	4
7529	5
7530	9
7531	3
7532	7
7533	4
7534	7
7535	4
7536	3
7537	2
7538	4
7539	1
7540	5
7541	3
7542	1
7543	4
7544	3
7545	4
7546	5
7547	4
7548	8
7549	1
7550	2
7551	4
7552	1
7553	2
7554	5
7555	3
7556	1
7557	1
7559	1
7560	3
7561	3
7562	3
7563	1
7564	5
7565	6
7566	1
7567	1
7568	4
7569	3
7570	3
7571	2
7572	3
7573	3
7574	1
7575	1
7576	1
7577	5
7578	2
7579	5
7580	4
7581	2
7582	5
7583	3
7584	1
7585	2
7586	4
7587	2
7588	5
7589	3
7590	2
7591	6
7592	3
7593	1
7594	5
7595	2
7596	3
7597	2
7598	2
7599	3
7600	1
7601	1
7603	5
7604	5
7605	5
7606	1
7607	2
7608	1
7609	4
7610	3
7611	3
7612	1
7613	2
7614	6
7615	3
7616	5
7617	3
7618	2
7619	5
7620	6
7621	5
7622	3
7624	1
7625	5
7626	1
7627	4
7628	4
7629	2
7630	8
7631	4
7632	4
7633	1
7634	3
7635	1
7637	5
7638	7
7639	1
7640	4
7641	3
7642	2
7643	2
7644	2
7645	4
7646	2
7647	5
7648	1
7649	1
7650	1
7651	9
7652	4
7653	1
7654	4
7655	3
7656	5
7657	5
7658	5
7659	3
7660	4
7661	5
7662	3
7663	2
7664	3
7665	3
7666	3
7667	3
7668	3
7669	1
7670	6
7671	6
7672	2
7673	3
7675	2
7676	3
7677	3
7678	6
7679	5
7680	3
7681	1
7682	7
7683	4
7684	1
7685	2
7686	4
7687	5
7688	5
7689	6
7690	3
7691	3
7692	2
7693	2
7694	4
7695	7
7696	5
7697	2
7698	4
7699	3
7700	6
7701	4
7702	3
7703	3
7704	3
7705	1
7706	1
7707	1
7708	8
7709	2
7710	6
7711	4
7712	2
7713	1
7714	5
7715	3
7716	1
7717	1
7718	6
7719	4
7720	4
7721	5
7722	3
7723	5
7724	5
7725	7
7726	2
7727	5
7728	1
7729	7
7730	5
7731	2
7732	5
7734	5
7735	2
7736	2
7737	5
7738	4
7739	3
7740	3
7741	1
7742	3
7743	4
7744	4
7745	7
7746	3
7747	7
7748	7
7749	2
7750	2
7751	1
7752	3
7753	3
7754	1
7755	5
7756	3
7757	6
7758	3
7759	1
7760	3
7761	2
7762	4
7763	3
7764	3
7765	5
7766	4
7767	3
7768	5
7769	4
7771	4
7772	4
7773	2
7774	2
7775	1
7776	2
7777	8
7778	3
7779	7
7780	5
7781	4
7782	4
7783	4
7784	8
7785	7
7786	2
7787	2
7788	4
7789	2
7790	2
7791	3
7792	4
7793	3
7794	6
7795	5
7796	2
7797	2
7798	1
7799	2
7800	3
7801	3
7802	4
7803	6
7804	9
7806	2
7807	1
7808	3
7809	6
7810	4
7811	1
7812	3
7813	4
7814	4
7815	2
7816	2
7817	2
7818	2
7819	8
7820	4
7821	5
7822	5
7823	2
7824	3
7825	5
7826	3
7827	6
7828	4
7829	5
7830	3
7831	1
7832	6
7833	2
7834	5
7835	6
7836	3
7837	7
7838	5
7839	2
7840	3
7841	3
7843	5
7845	4
7846	1
7847	6
7848	2
7849	3
7850	3
7851	2
7852	2
7853	6
7854	2
7855	4
7856	1
7857	5
7858	1
7859	6
7860	2
7861	3
7862	7
7863	7
7864	2
7865	4
7866	4
7867	1
7868	3
7869	2
7870	1
7871	5
7872	3
7873	5
7874	3
7875	6
7876	5
7877	2
7878	5
7879	4
7880	3
7881	1
7882	2
7883	6
7884	3
7885	2
7886	4
7887	3
7888	3
7889	6
7890	5
7891	4
7892	3
7893	1
7894	3
7895	3
7896	1
7897	6
7898	6
7899	3
7900	4
7901	5
7902	5
7903	4
7904	2
7905	2
7906	5
7907	5
7908	4
7909	4
7910	4
7911	4
7912	2
7914	5
7915	1
7916	7
7917	5
7919	1
7920	2
7921	2
7922	4
7923	2
7924	5
7925	2
7926	1
7928	3
7929	4
7930	4
7931	8
7932	5
7933	6
7934	3
7935	3
7936	5
7937	3
7938	4
7939	4
7940	4
7941	6
7942	5
7943	9
7944	3
7945	5
7946	4
7947	3
7948	3
7949	1
7950	6
7951	3
7952	4
7953	5
7954	1
7955	3
7956	3
7957	3
7958	1
7959	5
7960	3
7961	3
7962	3
7963	6
7964	3
7965	4
7966	3
7967	7
7968	6
7969	3
7970	3
7971	5
7972	2
7973	6
7974	5
7975	5
7976	2
7977	5
7978	5
7979	7
7980	2
7981	5
7982	3
7983	3
7984	2
7985	4
7986	4
7987	1
7988	5
7989	1
7990	2
7991	2
7992	5
7993	5
7994	7
7995	1
7996	2
7997	3
7998	3
7999	1
8000	4
8001	3
8002	6
8003	7
8004	3
8005	4
8006	4
8007	3
8008	1
8009	3
8011	4
8012	5
8013	6
8014	7
8015	7
8016	4
8017	2
8018	5
8019	4
8020	6
8021	2
8022	4
8023	8
8024	3
8025	4
8026	5
8027	6
8028	1
8029	3
8030	6
8031	3
8032	6
8033	4
8034	5
8035	2
8036	2
8037	3
8038	3
8040	2
8041	2
8042	3
8043	4
8044	6
8045	1
8046	2
8047	3
8048	4
8049	3
8050	4
8051	5
8052	3
8053	4
8054	3
8055	3
8056	5
8057	5
8058	8
8059	5
8060	7
8061	1
8062	4
8063	1
8064	3
8065	2
8066	5
8067	1
8068	1
8069	3
8070	3
8071	5
8072	1
8073	2
8075	7
8076	2
8077	5
8078	5
8079	7
8080	4
8081	3
8082	4
8083	6
8084	4
8085	5
8086	3
8087	3
8088	4
8089	5
8090	2
8091	5
8092	4
8093	3
8094	3
8095	6
8096	1
8097	4
8098	5
8099	2
8100	4
8101	4
8102	7
8103	3
8104	5
8105	7
8106	2
8107	2
8108	3
8109	1
8110	5
8111	4
8112	5
8113	5
8114	2
8115	5
8116	6
8117	2
8118	8
8119	4
8120	1
8121	7
8122	4
8123	4
8124	3
8125	5
8126	4
8127	4
8128	6
8129	5
8130	4
8131	2
8132	1
8133	4
8134	4
8135	7
8136	4
8137	4
8138	4
8139	1
8140	7
8141	2
8142	4
8143	5
8144	4
8145	2
8146	8
8147	7
8148	6
8149	2
8150	5
8151	6
8152	4
8153	1
8154	3
8155	3
8156	5
8157	2
8158	2
8159	5
8160	5
8161	1
8162	8
8163	2
8164	4
8165	5
8166	6
8167	4
8168	5
8169	5
8170	5
8171	6
8172	2
8173	4
8174	4
8175	1
8176	4
8178	2
8179	3
8180	1
8181	3
8182	2
8183	5
8184	4
8185	8
8186	2
8187	5
8188	3
8189	4
8190	1
8191	3
8192	6
8193	8
8194	6
8195	2
8196	8
8197	6
8198	1
8199	6
8200	1
8201	2
8202	6
8203	4
8204	8
8205	2
8206	3
8207	8
8208	6
8209	3
8210	4
8211	1
8212	10
8213	8
8214	3
8215	2
8216	4
8217	4
8218	3
8219	5
8221	4
8222	3
8223	3
8224	5
8225	3
8226	6
8227	8
8228	3
8229	2
8230	6
8231	6
8232	3
8233	3
8234	4
8235	3
8236	3
8237	7
8238	4
8239	3
8240	6
8241	4
8242	3
8243	3
8244	5
8245	7
8246	2
8247	1
8248	6
8249	5
8250	5
8251	3
8252	6
8253	7
8254	6
8255	3
8256	3
8257	3
8258	2
8259	7
8260	2
8261	5
8262	6
8263	4
8264	3
8265	4
8266	8
8267	1
8268	8
8269	5
8270	4
8271	5
8272	7
8273	2
8274	1
8275	4
8276	4
8277	6
8278	2
8279	3
8280	5
8281	4
8282	5
8283	6
8285	7
8286	3
8287	3
8288	4
8289	5
8290	7
8291	8
8292	7
8293	2
8294	2
8295	1
8296	2
8297	4
8298	3
8299	3
8300	4
8301	4
8302	4
8303	3
8304	3
8305	5
8306	4
8307	2
8308	6
8309	3
8310	6
8312	2
8313	2
8314	3
8315	6
8316	5
8317	5
8318	2
8319	5
8320	2
8321	2
8322	6
8323	1
8324	2
8325	2
8326	2
8327	3
8328	1
8329	5
8330	5
8331	9
8332	5
8333	12
8334	4
8335	6
8336	5
8337	2
8338	1
8339	5
8340	5
8341	4
8342	3
8343	8
8344	5
8346	2
8347	3
8348	3
8349	5
8350	9
8351	5
8352	1
8353	5
8354	3
8355	2
8356	4
8357	4
8358	3
8359	3
8360	2
8361	2
8362	6
8363	8
8364	5
8365	4
8366	2
8367	6
8368	3
8369	6
8370	3
8371	6
8372	6
8374	10
8375	4
8376	9
8377	4
8378	5
8379	1
8380	3
8381	3
8382	2
8383	1
8384	5
8385	5
8386	3
8387	6
8388	7
8389	6
8390	6
8391	1
8392	8
8393	15
8394	3
8395	8
8396	1
8397	5
8398	1
8399	3
8400	1
8401	4
8402	7
8403	5
8404	5
8405	4
8406	2
8408	3
8409	5
8410	1
8411	2
8412	6
8413	6
8414	3
8415	5
8416	9
8417	4
8418	2
8419	3
8420	7
8421	7
8422	8
8423	2
8424	6
8425	5
8426	4
8427	5
8428	7
8429	7
8430	8
8431	6
8432	6
8433	1
8434	5
8435	3
8436	8
8437	2
8438	4
8439	7
8440	6
8441	5
8442	5
8443	4
8444	3
8445	4
8446	3
8447	3
8448	7
8449	7
8450	7
8451	4
8452	2
8453	3
8454	3
8455	6
8456	4
8457	3
8458	5
8459	5
8460	8
8461	7
8462	9
8463	5
8464	5
8465	6
8466	10
8467	3
8468	3
8469	6
8470	4
8471	5
8472	6
8473	4
8474	7
8475	4
8476	4
8477	4
8478	3
8479	9
8480	7
8481	4
8482	1
8483	3
8484	7
8485	3
8486	8
8487	7
8488	2
8489	8
8490	5
8491	7
8492	6
8493	2
8494	6
8495	4
8496	6
8497	9
8498	6
8499	8
8500	7
8501	8
8502	5
8503	9
8504	1
8505	7
8506	7
8507	4
8508	4
8509	7
8510	7
8511	2
8512	11
8513	10
8514	5
8515	6
8516	7
8517	5
8518	11
8519	4
8520	5
8521	3
8522	8
8523	6
8524	5
8525	7
8526	7
8527	4
8528	3
8529	15
8530	5
8531	5
8532	4
8533	5
8534	6
8535	8
8536	5
8537	8
8538	4
8539	8
8540	4
8541	6
8542	2
8543	15
8544	5
8545	7
8546	4
8547	4
8548	2
8549	7
8550	11
8551	6
8552	5
8553	10
8554	7
8555	5
8556	3
8557	10
8558	3
8559	12
8560	8
8561	9
8562	4
8563	4
8564	7
8565	8
8566	2
8567	8
8568	5
8569	5
8570	3
8571	4
8572	8
8573	3
8574	8
8575	12
8576	6
8577	8
8578	6
8579	13
8580	7
8581	4
8582	8
8583	11
8584	10
8585	6
8586	10
8587	6
8588	4
8589	12
8590	6
8591	7
8592	13
8593	4
8594	10
8595	13
8596	13
8597	9
8598	11
8599	6
8600	5
8601	5
8602	10
8603	8
8604	9
8605	9
8606	6
8607	11
8608	10
8609	9
8610	13
8611	8
8612	8
8613	9
8614	9
8615	9
8616	9
8617	12
8618	7
8619	3
8620	9
8621	8
8622	10
8623	10
8624	10
8625	5
8626	8
8627	9
8628	8
8629	14
8630	9
8631	7
8632	14
8633	6
8634	16
8635	11
8636	12
8637	14
8638	13
8639	10
8640	11
8641	13
8642	6
8643	7
8644	16
8645	15
8646	15
8647	9
8648	15
8649	23
8650	12
8651	13
8652	12
8653	11
8654	14
8655	13
8656	10
8657	10
8658	12
8659	19
8660	10
8661	12
8662	7
8663	10
8664	18
8665	12
8666	13
8667	17
8668	21
8669	14
8670	15
8671	13
8672	12
8673	13
8674	18
8675	20
8676	16
8677	16
8678	11
8679	15
8680	17
8681	15
8682	17
8683	19
8684	22
8685	19
8686	26
8687	25
8688	18
8689	12
8690	25
8691	25
8692	18
8693	16
8694	30
8695	19
8696	10
8697	21
8698	22
8699	30
8700	19
8701	20
8702	12
8703	16
8704	17
8705	23
8706	25
8707	15
8708	31
8709	24
8710	27
8711	22
8712	25
8713	27
8714	24
8715	27
8716	21
8717	22
8718	25
8719	18
8720	26
8721	27
8722	23
8723	29
8724	25
8725	17
8726	22
8727	20
8728	28
8729	19
8730	27
8731	35
8732	25
8733	24
8734	24
8735	18
8736	27
8737	42
8738	24
8739	27
8740	30
8741	39
8742	25
8743	22
8744	26
8745	30
8746	28
8747	41
8748	27
8749	25
8750	26
8751	35
8752	36
8753	27
8754	36
8755	34
8756	36
8757	42
8758	39
8759	40
8760	38
8761	35
8762	35
8763	36
8764	23
8765	30
8766	30
8767	40
8768	36
8769	34
8770	47
8771	46
8772	34
8773	32
8774	45
8775	48
8776	47
8777	48
8778	39
8779	48
8780	46
8781	49
8782	39
8783	40
8784	39
8785	67
8786	38
8787	45
8788	44
8789	47
8790	54
8791	54
8792	46
8793	35
8794	53
8795	54
8796	42
8797	54
8798	57
8799	58
8800	39
8801	54
8802	49
8803	54
8804	54
8805	56
8806	73
8807	63
8808	44
8809	57
8810	55
8811	62
8812	60
8813	53
8814	62
8815	63
8816	64
8817	61
8818	74
8819	71
8820	57
8821	65
8822	64
8823	77
8824	65
8825	75
8826	55
8827	76
8828	59
8829	61
8830	88
8831	91
8832	63
8833	56
8834	84
8835	80
8836	76
8837	66
8838	71
8839	75
8840	52
8841	74
8842	80
8843	69
8844	68
8845	88
8846	83
8847	87
8848	72
8849	93
8850	78
8851	98
8852	88
8853	102
8854	91
8855	84
8856	99
8857	87
8858	97
8859	79
8860	85
8861	86
8862	102
8863	89
8864	92
8865	97
8866	103
8867	85
8868	107
8869	78
8870	102
8871	98
8872	89
8873	108
8874	102
8875	108
8876	114
8877	123
8878	103
8879	109
8880	110
8881	91
8882	104
8883	117
8884	105
8885	117
8886	128
8887	115
8888	103
8889	125
8890	113
8891	114
8892	117
8893	129
8894	127
8895	139
8896	127
8897	124
8898	137
8899	150
8900	125
8901	124
8902	128
8903	127
8904	135
8905	138
8906	142
8907	143
8908	150
8909	140
8910	171
8911	155
8912	121
8913	147
8914	138
8915	142
8916	151
8917	154
8918	162
8919	152
8920	166
8921	134
8922	151
8923	145
8924	148
8925	145
8926	179
8927	188
8928	153
8929	158
8930	149
8931	156
8932	158
8933	180
8934	154
8935	162
8936	181
8937	182
8938	195
8939	174
8940	183
8941	172
8942	168
8943	179
8944	165
8945	156
8946	167
8947	207
8948	193
8949	180
8950	173
8951	186
8952	193
8953	202
8954	202
8955	213
8956	192
8957	211
8958	220
8959	205
8960	207
8961	197
8962	212
8963	211
8964	203
8965	219
8966	211
8967	217
8968	214
8969	217
8970	205
8971	219
8972	234
8973	215
8974	260
8975	244
8976	221
8977	217
8978	257
8979	229
8980	220
8981	259
8982	252
8983	202
8984	242
8985	268
8986	260
8987	220
8988	266
8989	229
8990	243
8991	237
8992	254
8993	271
8994	252
8995	226
8996	284
8997	266
8998	250
8999	251
9000	307
9001	285
9002	282
9003	258
9004	276
9005	266
9006	297
9007	288
9008	285
9009	269
9010	303
9011	271
9012	278
9013	258
9014	309
9015	308
9016	319
9017	273
9018	303
9019	315
9020	322
9021	287
9022	298
9023	331
9024	321
9025	329
9026	289
9027	350
9028	329
9029	333
9030	318
9031	306
9032	320
9033	323
9034	320
9035	313
9036	313
9037	334
9038	332
9039	336
9040	359
9041	336
9042	368
9043	319
9044	337
9045	349
9046	338
9047	347
9048	345
9049	368
9050	395
9051	356
9052	379
9053	352
9054	370
9055	389
9056	396
9057	373
9058	390
9059	342
9060	374
9061	371
9062	371
9063	377
9064	401
9065	374
9066	405
9067	414
9068	330
9069	393
9070	366
9071	390
9072	428
9073	396
9074	406
9075	386
9076	432
9077	407
9078	370
9079	391
9080	430
9081	429
9082	371
9083	434
9084	406
9085	418
9086	404
9087	403
9088	422
9089	407
9090	438
9091	413
9092	390
9093	432
9094	463
9095	432
9096	446
9097	436
9098	414
9099	425
9100	409
9101	466
9102	453
9103	473
9104	499
9105	479
9106	475
9107	468
9108	486
9109	441
9110	444
9111	470
9112	472
9113	462
9114	555
9115	478
9116	516
9117	539
9118	508
9119	480
9120	516
9121	528
9122	506
9123	533
9124	519
9125	490
9126	507
9127	506
9128	516
9129	565
9130	488
9131	522
9132	541
9133	552
9134	570
9135	495
9136	537
9137	529
9138	572
9139	530
9140	573
9141	515
9142	512
9143	576
9144	553
9145	547
9146	513
9147	554
9148	579
9149	548
9150	556
9151	576
9152	525
9153	604
9154	546
9155	612
9156	594
9157	590
9158	548
9159	569
9160	602
9161	595
9162	600
9163	601
9164	558
9165	634
9166	568
9167	577
9168	565
9169	563
9170	607
9171	587
9172	558
9173	622
9174	641
9175	606
9176	621
9177	588
9178	608
9179	607
9180	640
9181	627
9182	681
9183	636
9184	660
9185	648
9186	629
9187	598
9188	660
9189	697
9190	625
9191	636
9192	669
9193	675
9194	652
9195	647
9196	649
9197	646
9198	678
9199	693
9200	692
9201	658
9202	683
9203	694
9204	721
9205	671
9206	598
9207	619
9208	701
9209	713
9210	688
9211	665
9212	708
9213	694
9214	719
9215	740
9216	690
9217	704
9218	694
9219	645
9220	700
9221	717
9222	680
9223	764
9224	724
9225	704
9226	745
9227	800
9228	773
9229	726
9230	778
9231	771
9232	781
9233	729
9234	822
9235	779
9236	743
9237	743
9238	744
9239	724
9240	758
9241	820
9242	715
9243	793
9244	721
9245	760
9246	826
9247	784
9248	766
9249	775
9250	835
9251	733
9252	808
9253	803
9254	820
9255	788
9256	833
9257	865
9258	810
9259	763
9260	782
9261	834
9262	765
9263	793
9264	862
9265	829
9266	810
9267	840
9268	789
9269	813
9270	839
9271	808
9272	814
9273	844
9274	841
9275	877
9276	832
9277	846
9278	847
9279	871
9280	856
9281	886
9282	845
9283	870
9284	879
9285	877
9286	842
9287	888
9288	869
9289	928
9290	876
9291	910
9292	910
9293	900
9294	854
9295	893
9296	974
9297	862
9298	881
9299	902
9300	915
9301	904
9302	904
9303	902
9304	946
9305	888
9306	938
9307	928
9308	947
9309	912
9310	910
9311	947
9312	869
9313	903
9314	927
9315	993
9316	951
9317	962
9318	946
9319	985
9320	937
9321	930
9322	979
9323	909
9324	992
9325	940
9326	969
9327	1024
9328	1002
9329	1037
9330	993
9331	984
9332	1060
9333	995
9334	957
9335	1007
9336	974
9337	1024
9338	982
9339	1024
9340	992
9341	1027
9342	1034
9343	1021
9344	1006
9345	994
9346	1057
9347	1019
9348	1008
9349	1052
9350	1039
9351	990
9352	1026
9353	1053
9354	1081
9355	1067
9356	1083
9357	1060
9358	1026
9359	1060
9360	1092
9361	1019
9362	1050
9363	1018
9364	1067
9365	1135
9366	1038
9367	1058
9368	1079
9369	1053
9370	1084
9371	1073
9372	1072
9373	1056
9374	1127
9375	1114
9376	1099
9377	1114
9378	1095
9379	1133
9380	1092
9381	1113
9382	1089
9383	1053
9384	1140
9385	1122
9386	1084
9387	1055
9388	1094
9389	1122
9390	1183
9391	1169
9392	1121
9393	1124
9394	1120
9395	1135
9396	1127
9397	1153
9398	1163
9399	1104
9400	1161
9401	1167
9402	1160
9403	1192
9404	1171
9405	1144
9406	1203
9407	1156
9408	1213
9409	1168
9410	1147
9411	1134
9412	1170
9413	1236
9414	1251
9415	1150
9416	1186
9417	1185
9418	1251
9419	1189
9420	1277
9421	1263
9422	1216
9423	1265
9424	1264
9425	1166
9426	1257
9427	1264
9428	1187
9429	1223
9430	1174
9431	1219
9432	1149
9433	1242
9434	1298
9435	1260
9436	1246
9437	1271
9438	1269
9439	1242
9440	1228
9441	1264
9442	1203
9443	1279
9444	1219
9445	1281
9446	1274
9447	1266
9448	1252
9449	1288
9450	1268
9451	1338
9452	1270
9453	1247
9454	1327
9455	1298
9456	1349
9457	1312
9458	1353
9459	1310
9460	1297
9461	1328
9462	1338
9463	1334
9464	1384
9465	1270
9466	1340
9467	1300
9468	1317
9469	1293
9470	1348
9471	1334
9472	1346
9473	1286
9474	1330
9475	1339
9476	1395
9477	1387
9478	1381
9479	1272
9480	1419
9481	1396
9482	1397
9483	1408
9484	1340
9485	1345
9486	1374
9487	1351
9488	1360
9489	1351
9490	1330
9491	1361
9492	1362
9493	1458
9494	1403
9495	1376
9496	1387
9497	1379
9498	1360
9499	1478
9500	1394
9501	1364
9502	1436
9503	1472
9504	1416
9505	1380
9506	1405
9507	1494
9508	1437
9509	1440
9510	1416
9511	1480
9512	1423
9513	1451
9514	1509
9515	1445
9516	1408
9517	1455
9518	1401
9519	1415
9520	1467
9521	1413
9522	1460
9523	1480
9524	1449
9525	1459
9526	1388
9527	1469
9528	1454
9529	1421
9530	1435
9531	1529
9532	1504
9533	1506
9534	1499
9535	1537
9536	1447
9537	1441
9538	1565
9539	1585
9540	1519
9541	1476
9542	1576
9543	1477
9544	1520
9545	1501
9546	1505
9547	1530
9548	1562
9549	1565
9550	1551
9551	1559
9552	1510
9553	1559
9554	1672
9555	1610
9556	1573
9557	1570
9558	1531
9559	1562
9560	1519
9561	1579
9562	1560
9563	1601
9564	1595
9565	1549
9566	1562
9567	1533
9568	1539
9569	1623
9570	1580
9571	1573
9572	1609
9573	1643
9574	1582
9575	1571
9576	1630
9577	1612
9578	1566
9579	1551
9580	1621
9581	1588
9582	1617
9583	1624
9584	1664
9585	1657
9586	1655
9587	1595
9588	1653
9589	1661
9590	1573
9591	1631
9592	1618
9593	1700
9594	1646
9595	1676
9596	1520
9597	1623
9598	1604
9599	1629
9600	1651
9601	1730
9602	1747
9603	1636
9604	1678
9605	1713
9606	1710
9607	1673
9608	1703
9609	1613
9610	1724
9611	1664
9612	1746
9613	1708
9614	1727
9615	1684
9616	1719
9617	1687
9618	1682
9619	1688
9620	1668
9621	1652
9622	1769
9623	1702
9624	1694
9625	1744
9626	1714
9627	1732
9628	1797
9629	1687
9630	1701
9631	1793
9632	1745
9633	1633
9634	1692
9635	1836
9636	1738
9637	1758
9638	1745
9639	1782
9640	1792
9641	1707
9642	1786
9643	1781
9644	1685
9645	1766
9646	1706
9647	1801
9648	1815
9649	1794
9650	1730
9651	1791
9652	1805
9653	1824
9654	1813
9655	1726
9656	1872
9657	1846
9658	1883
9659	1846
9660	1789
9661	1886
9662	1805
9663	1775
9664	1902
9665	1809
9666	1818
9667	1812
9668	1814
9669	1868
9670	1810
9671	1799
9672	1822
9673	1875
9674	1845
9675	1819
9676	1987
9677	1861
9678	1836
9679	1852
9680	1930
9681	1879
9682	1923
9683	1846
9684	1917
9685	1919
9686	1857
9687	1815
9688	1885
9689	1837
9690	1871
9691	1844
9692	1934
9693	1809
9694	1921
9695	1859
9696	1975
9697	1950
9698	1896
9699	1878
9700	1867
9701	1840
9702	1912
9703	1880
9704	1946
9705	1909
9706	1937
9707	1924
9708	1976
9709	1890
9710	1870
9711	1976
9712	2014
9713	1925
9714	1990
9715	2037
9716	1990
9717	1895
9718	1862
9719	1932
9720	1996
9721	2026
9722	1963
9723	2007
9724	1974
9725	1964
9726	2033
9727	1945
9728	1957
9729	1895
9730	1985
9731	2019
9732	2023
9733	1995
9734	2000
9735	1987
9736	1988
9737	1918
9738	1966
9739	2023
9740	1982
9741	2004
9742	2049
9743	2024
9744	2112
9745	2080
9746	1970
9747	2085
9748	2085
9749	2075
9750	2052
9751	2026
9752	1996
9753	2108
9754	2076
9755	2070
9756	2059
9757	2127
9758	1949
9759	1979
9760	2053
9761	2175
9762	2015
9763	2010
9764	2024
9765	2039
9766	2110
9767	2101
9768	2135
9769	2120
9770	2018
9771	2071
9772	2106
9773	2114
9774	2058
9775	2064
9776	2077
9777	2030
9778	2098
9779	2043
9780	2083
9781	2097
9782	2117
9783	2164
9784	2163
9785	2148
9786	2171
9787	2166
9788	2129
9789	2173
9790	2040
9791	2092
9792	2190
9793	2105
9794	2160
9795	2146
9796	2170
9797	2199
9798	2026
9799	2183
9800	2079
9801	2208
9802	2237
9803	2197
9804	2131
9805	2146
9806	2195
9807	2280
9808	2157
9809	2182
9810	2195
9811	2165
9812	2169
9813	2141
9814	2199
9815	2244
9816	2186
9817	2130
9818	2205
9819	2156
9820	2210
9821	2133
9822	2275
9823	2237
9824	2237
9825	2303
9826	2203
9827	2275
9828	2218
9829	2244
9830	2272
9831	2206
9832	2306
9833	2270
9834	2281
9835	2249
9836	2243
9837	2317
9838	2271
9839	2223
9840	2074
9841	2273
9842	2218
9843	2260
9844	2210
9845	2188
9846	2349
9847	2298
9848	2275
9849	2272
9850	2359
9851	2252
9852	2256
9853	2205
9854	2345
9855	2287
9856	2296
9857	2366
9858	2251
9859	2226
9860	2323
9861	2359
9862	2450
9863	2307
9864	2314
9865	2407
9866	2197
9867	2382
9868	2305
9869	2285
9870	2290
9871	2270
9872	2425
9873	2324
9874	2339
9875	2286
9876	2337
9877	2360
9878	2263
9879	2302
9880	2367
9881	2333
9882	2248
9883	2277
9884	2339
9885	2446
9886	2427
9887	2280
9888	2437
9889	2374
9890	2433
9891	2411
9892	2485
9893	2433
9894	2314
9895	2403
9896	2389
9897	2398
9898	2431
9899	2444
9900	2491
9901	2327
9902	2460
9903	2386
9904	2398
9905	2392
9906	2470
9907	2448
9908	2425
9909	2444
9910	2428
9911	2342
9912	2455
9913	2511
9914	2386
9915	2370
9916	2357
9917	2493
9918	2440
9919	2485
9920	2395
9921	2437
9922	2382
9923	2461
9924	2456
9925	2455
9926	2486
9927	2459
9928	2439
9929	2531
9930	2442
9931	2450
9932	2417
9933	2493
9934	2570
9935	2518
9936	2476
9937	2436
9938	2497
9939	2444
9940	2451
9941	2476
9942	2567
9943	2537
9944	2479
9945	2499
9946	2536
9947	2463
9948	2389
9949	2481
9950	2482
9951	2509
9952	2440
9953	2474
9954	2469
9955	2475
9956	2545
9957	2541
9958	2521
9959	2566
9960	2411
9961	2584
9962	2574
9963	2568
9964	2544
9965	2582
9966	2570
9967	2528
9968	2611
9969	2563
9970	2549
9971	2544
9972	2626
9973	2574
9974	2524
9975	2657
9976	2503
9977	2599
9978	2634
9979	2592
9980	2627
9981	2637
9982	2545
9983	2580
9984	2528
9985	2571
9986	2641
9987	2637
9988	2611
9989	2556
9990	2657
9991	2629
9992	2603
9993	2616
9994	2609
9995	2560
9996	2707
9997	2682
9998	2599
9999	2599
10000	2674
10001	2657
10002	2628
10003	2620
10004	2628
10005	2592
10006	2609
10007	2624
10008	2671
10009	2597
10010	2646
10011	2638
10012	2661
10013	2618
10014	2621
10015	2526
10016	2637
10017	2649
10018	2669
10019	2663
10020	2613
10021	2623
10022	2619
10023	2688
10024	2708
10025	2601
10026	2693
10027	2656
10028	2732
10029	2591
10030	2651
10031	2630
10032	2750
10033	2684
10034	2782
10035	2697
10036	2622
10037	2757
10038	2796
10039	2689
10040	2688
10041	2724
10042	2725
10043	2761
10044	2716
10045	2688
10046	2712
10047	2652
10048	2785
10049	2761
10050	2580
10051	2629
10052	2739
10053	2836
10054	2733
10055	2745
10056	2639
10057	2816
10058	2675
10059	2777
10060	2687
10061	2688
10062	2755
10063	2854
10064	2760
10065	2812
10066	2742
10067	2770
10068	2712
10069	2731
10070	2835
10071	2749
10072	2770
10073	2807
10074	2778
10075	2719
10076	2814
10077	2784
10078	2720
10079	2798
10080	2794
10081	2802
10082	2713
10083	2759
10084	2751
10085	2782
10086	2831
10087	2614
10088	2763
10089	2634
10090	2733
10091	2783
10092	2802
10093	2774
10094	2788
10095	2784
10096	2738
10097	2730
10098	2791
10099	2774
10100	2833
10101	2713
10102	2745
10103	2854
10104	2733
10105	2825
10106	2859
10107	2724
10108	2706
10109	2877
10110	2781
10111	2786
10112	2852
10113	2754
10114	2775
10115	2881
10116	2763
10117	2794
10118	2743
10119	2796
10120	2794
10121	2832
10122	2791
10123	2791
10124	2792
10125	2783
10126	2735
10127	2828
10128	2768
10129	2856
10130	2949
10131	2859
10132	2816
10133	2916
10134	2877
10135	2915
10136	2910
10137	2815
10138	2752
10139	2857
10140	2876
10141	2914
10142	2923
10143	2798
10144	2946
10145	2782
10146	2785
10147	2829
10148	2761
10149	2854
10150	2890
10151	2860
10152	2908
10153	2843
10154	2806
10155	2886
10156	2922
10157	2842
10158	2725
10159	2806
10160	2847
10161	2863
10162	2870
10163	2761
10164	2785
10165	2764
10166	2900
10167	2786
10168	2859
10169	2971
10170	2773
10171	2872
10172	2742
10173	2979
10174	2875
10175	2837
10176	2924
10177	2977
10178	2928
10179	2834
10180	2916
10181	2851
10182	2896
10183	2908
10184	2810
10185	2838
10186	2897
10187	2866
10188	2878
10189	2939
10190	2921
10191	2896
10192	2887
10193	2859
10194	2929
10195	2892
10196	2895
10197	2862
10198	2867
10199	2844
10200	2813
10201	2862
10202	2799
10203	2834
10204	2765
10205	2883
10206	2919
10207	2930
10208	2857
10209	2937
10210	2903
10211	2872
10212	2928
10213	2940
10214	2999
10215	2783
10216	2888
10217	2884
10218	2838
10219	2948
10220	2909
10221	2840
10222	2859
10223	2880
10224	2791
10225	2872
10226	2888
10227	2965
10228	2905
10229	2919
10230	2841
10231	2797
10232	2915
10233	2849
10234	2888
10235	2921
10236	2972
10237	2946
10238	2873
10239	2881
10240	2869
10241	2902
10242	2853
10243	2981
10244	2872
10245	2860
10246	2976
10247	2949
10248	2969
10249	2922
10250	2814
10251	2921
10252	2925
10253	2866
10254	2898
10255	2793
10256	2985
10257	2824
10258	2959
10259	2849
10260	2926
10261	2840
10262	2829
10263	2925
10264	2812
10265	2841
10266	2844
10267	2883
10268	3002
10269	2772
10270	2834
10271	2892
10272	2887
10273	2912
10274	2881
10275	2814
10276	2794
10277	2880
10278	2924
10279	2860
10280	2784
10281	2888
10282	2872
10283	2770
10284	2888
10285	2749
10286	2878
10287	2896
10288	2877
10289	2863
10290	2856
10291	2876
10292	2866
10293	2919
10294	2912
10295	2843
10296	2876
10297	2849
10298	2803
10299	2857
10300	2851
10301	2973
10302	2809
10303	2860
10304	2862
10305	2862
10306	2972
10307	2857
10308	2806
10309	2890
10310	2933
10311	2879
10312	2893
10313	2894
10314	2818
10315	2920
10316	2901
10317	2926
10318	2903
10319	2925
10320	2889
10321	3051
10322	2937
10323	2836
10324	2835
10325	2809
10326	2900
10327	2935
10328	2895
10329	2815
10330	2821
10331	2965
10332	2859
10333	2916
10334	2841
10335	2932
10336	2836
10337	2807
10338	2923
10339	2877
10340	2867
10341	2786
10342	2853
10343	2806
10344	2876
10345	2911
10346	2813
10347	2875
10348	2894
10349	2856
10350	2854
10351	2838
10352	2799
10353	2794
10354	2834
10355	2832
10356	2809
10357	2842
10358	2865
10359	2920
10360	2748
10361	2749
10362	2895
10363	2860
10364	2727
10365	2829
10366	2856
10367	2863
10368	2874
10369	2860
10370	2865
10371	2913
10372	2879
10373	2832
10374	2926
10375	2805
10376	2691
10377	2825
10378	2857
10379	2877
10380	2865
10381	2718
10382	2860
10383	2924
10384	2787
10385	2954
10386	2828
10387	2822
10388	2771
10389	2763
10390	2885
10391	2817
10392	2824
10393	2861
10394	2754
10395	2866
10396	2773
10397	2828
10398	2817
10399	2927
10400	2817
10401	2763
10402	2825
10403	2874
10404	2719
10405	2870
10406	2838
10407	2774
10408	2722
10409	2925
10410	2741
10411	2714
10412	2887
10413	2895
10414	2806
10415	2824
10416	2786
10417	2737
10418	2754
10419	2715
10420	2803
10421	2861
10422	2830
10423	2829
10424	2779
10425	2844
10426	2825
10427	2819
10428	2788
10429	2698
10430	2842
10431	2825
10432	2726
10433	2780
10434	2885
10435	2797
10436	2765
10437	2798
10438	2747
10439	2821
10440	2710
10441	2804
10442	2714
10443	2784
10444	2739
10445	2803
10446	2783
10447	2801
10448	2754
10449	2906
10450	2772
10451	2816
10452	2681
10453	2792
10454	2725
10455	2773
10456	2670
10457	2787
10458	2648
10459	2797
10460	2793
10461	2781
10462	2785
10463	2773
10464	2783
10465	2805
10466	2678
10467	2730
10468	2763
10469	2734
10470	2746
10471	2774
10472	2646
10473	2804
10474	2617
10475	2799
10476	2720
10477	2827
10478	2725
10479	2799
10480	2762
10481	2800
10482	2609
10483	2648
10484	2645
10485	2706
10486	2740
10487	2729
10488	2825
10489	2653
10490	2831
10491	2710
10492	2690
10493	2710
10494	2650
10495	2715
10496	2658
10497	2818
10498	2790
10499	2687
10500	2705
10501	2670
10502	2681
10503	2719
10504	2677
10505	2646
10506	2757
10507	2543
10508	2717
10509	2764
10510	2598
10511	2694
10512	2786
10513	2823
10514	2679
10515	2662
10516	2585
10517	2742
10518	2635
10519	2703
10520	2727
10521	2719
10522	2663
10523	2651
10524	2628
10525	2726
10526	2712
10527	2738
10528	2799
10529	2664
10530	2663
10531	2723
10532	2686
10533	2586
10534	2664
10535	2663
10536	2774
10537	2715
10538	2644
10539	2649
10540	2619
10541	2661
10542	2580
10543	2654
10544	2725
10545	2659
10546	2686
10547	2662
10548	2691
10549	2720
10550	2559
10551	2540
10552	2663
10553	2672
10554	2629
10555	2585
10556	2650
10557	2607
10558	2617
10559	2571
10560	2591
10561	2561
10562	2595
10563	2670
10564	2594
10565	2698
10566	2546
10567	2569
10568	2611
10569	2592
10570	2616
10571	2623
10572	2517
10573	2564
10574	2544
10575	2604
10576	2545
10577	2592
10578	2626
10579	2513
10580	2665
10581	2566
10582	2640
10583	2608
10584	2690
10585	2620
10586	2631
10587	2547
10588	2627
10589	2544
10590	2505
10591	2571
10592	2461
10593	2600
10594	2553
10595	2659
10596	2641
10597	2605
10598	2497
10599	2549
10600	2603
10601	2435
10602	2577
10603	2611
10604	2520
10605	2625
10606	2491
10607	2572
10608	2630
10609	2569
10610	2479
10611	2572
10612	2612
10613	2528
10614	2471
10615	2475
10616	2515
10617	2494
10618	2593
10619	2418
10620	2476
10621	2453
10622	2509
10623	2533
10624	2525
10625	2576
10626	2419
10627	2545
10628	2608
10629	2546
10630	2578
10631	2506
10632	2489
10633	2490
10634	2559
10635	2559
10636	2537
10637	2478
10638	2463
10639	2432
10640	2424
10641	2589
10642	2500
10643	2445
10644	2631
10645	2475
10646	2448
10647	2470
10648	2521
10649	2462
10650	2506
10651	2528
10652	2524
10653	2590
10654	2555
10655	2568
10656	2499
10657	2413
10658	2462
10659	2521
10660	2473
10661	2404
10662	2466
10663	2435
10664	2449
10665	2538
10666	2447
10667	2557
10668	2462
10669	2423
10670	2481
10671	2410
10672	2415
10673	2400
10674	2463
10675	2347
10676	2418
10677	2493
10678	2472
10679	2402
10680	2458
10681	2467
10682	2457
10683	2383
10684	2447
10685	2420
10686	2446
10687	2397
10688	2399
10689	2363
10690	2434
10691	2426
10692	2420
10693	2444
10694	2383
10695	2472
10696	2555
10697	2385
10698	2395
10699	2405
10700	2366
10701	2342
10702	2426
10703	2494
10704	2358
10705	2358
10706	2344
10707	2401
10708	2383
10709	2423
10710	2394
10711	2388
10712	2351
10713	2403
10714	2418
10715	2478
10716	2397
10717	2330
10718	2383
10719	2479
10720	2308
10721	2424
10722	2459
10723	2308
10724	2319
10725	2383
10726	2386
10727	2315
10728	2363
10729	2391
10730	2415
10731	2403
10732	2365
10733	2263
10734	2241
10735	2334
10736	2436
10737	2407
10738	2472
10739	2348
10740	2312
10741	2461
10742	2343
10743	2304
10744	2355
10745	2375
10746	2381
10747	2291
10748	2329
10749	2353
10750	2442
10751	2338
10752	2374
10753	2346
10754	2307
10755	2302
10756	2337
10757	2219
10758	2348
10759	2338
10760	2282
10761	2292
10762	2321
10763	2376
10764	2401
10765	2157
10766	2249
10767	2311
10768	2364
10769	2218
10770	2326
10771	2322
10772	2257
10773	2354
10774	2288
10775	2329
10776	2307
10777	2332
10778	2243
10779	2278
10780	2268
10781	2315
10782	2348
10783	2287
10784	2222
10785	2249
10786	2293
10787	2257
10788	2273
10789	2338
10790	2235
10791	2254
10792	2325
10793	2218
10794	2280
10795	2315
10796	2247
10797	2265
10798	2276
10799	2207
10800	2188
10801	2270
10802	2367
10803	2301
10804	2267
10805	2253
10806	2253
10807	2240
10808	2279
10809	2322
10810	2256
10811	2171
10812	2207
10813	2212
10814	2185
10815	2272
10816	2168
10817	2202
10818	2251
10819	2245
10820	2238
10821	2285
10822	2213
10823	2192
10824	2199
10825	2152
10826	2234
10827	2213
10828	2231
10829	2169
10830	2190
10831	2221
10832	2182
10833	2191
10834	2191
10835	2215
10836	2156
10837	2228
10838	2221
10839	2206
10840	2275
10841	2199
10842	2195
10843	2270
10844	2171
10845	2182
10846	2170
10847	2264
10848	2158
10849	2155
10850	2223
10851	2209
10852	2312
10853	2181
10854	2133
10855	2165
10856	2119
10857	2224
10858	2227
10859	2242
10860	2199
10861	2152
10862	2176
10863	2164
10864	2195
10865	2081
10866	2118
10867	2121
10868	2263
10869	2170
10870	2159
10871	2182
10872	2201
10873	2116
10874	2115
10875	2238
10876	2219
10877	2147
10878	2191
10879	2140
10880	2083
10881	2128
10882	2215
10883	2160
10884	2071
10885	2086
10886	2111
10887	2146
10888	2119
10889	2145
10890	2200
10891	2058
10892	2147
10893	2197
10894	2201
10895	2129
10896	2103
10897	2117
10898	2162
10899	2052
10900	2216
10901	2145
10902	2129
10903	2155
10904	2064
10905	2093
10906	2140
10907	2114
10908	2077
10909	2122
10910	2111
10911	2180
10912	2238
10913	2109
10914	2069
10915	2138
10916	2105
10917	2091
10918	2105
10919	2063
10920	2134
10921	1954
10922	2076
10923	2042
10924	2021
10925	2071
10926	2022
10927	2053
10928	2050
10929	2039
10930	2060
10931	2082
10932	2024
10933	2062
10934	2117
10935	2089
10936	2036
10937	2110
10938	2074
10939	2103
10940	2057
10941	2122
10942	2074
10943	2053
10944	1960
10945	2017
10946	2041
10947	2142
10948	2038
10949	2055
10950	2045
10951	2074
10952	1971
10953	2006
10954	1946
10955	1997
10956	2067
10957	2016
10958	2031
10959	1946
10960	2043
10961	1971
10962	2029
10963	1967
10964	2026
10965	1956
10966	2074
10967	1946
10968	1976
10969	1984
10970	1973
10971	2062
10972	2089
10973	1966
10974	1950
10975	2000
10976	1954
10977	1959
10978	2001
10979	1942
10980	1948
10981	2013
10982	1969
10983	1951
10984	1978
10985	1961
10986	1977
10987	1929
10988	1966
10989	1909
10990	1943
10991	1930
10992	1967
10993	1969
10994	1952
10995	1940
10996	2015
10997	1888
10998	1962
10999	1878
11000	1948
11001	1954
11002	1929
11003	1923
11004	1910
11005	1912
11006	1913
11007	1890
11008	1921
11009	1959
11010	1940
11011	1944
11012	1920
11013	1922
11014	1933
11015	1963
11016	1851
11017	1905
11018	1864
11019	1901
11020	1876
11021	1876
11022	1926
11023	1955
11024	1942
11025	1998
11026	1926
11027	1906
11028	1929
11029	1905
11030	1873
11031	1934
11032	1844
11033	1910
11034	1849
11035	1899
11036	1908
11037	1906
11038	1907
11039	1910
11040	1874
11041	1894
11042	1882
11043	1850
11044	1908
11045	1865
11046	1828
11047	1868
11048	1799
11049	1910
11050	1894
11051	1909
11052	1874
11053	1827
11054	1855
11055	1856
11056	1796
11057	1874
11058	1776
11059	1832
11060	1811
11061	1906
11062	1822
11063	1790
11064	1822
11065	1879
11066	1842
11067	1839
11068	1791
11069	1822
11070	1856
11071	1742
11072	1823
11073	1786
11074	1890
11075	1769
11076	1823
11077	1748
11078	1799
11079	1803
11080	1887
11081	1718
11082	1832
11083	1768
11084	1912
11085	1780
11086	1843
11087	1804
11088	1786
11089	1736
11090	1782
11091	1844
11092	1797
11093	1786
11094	1846
11095	1781
11096	1787
11097	1796
11098	1836
11099	1754
11100	1804
11101	1832
11102	1821
11103	1828
11104	1794
11105	1777
11106	1731
11107	1756
11108	1796
11109	1729
11110	1768
11111	1763
11112	1807
11113	1718
11114	1732
11115	1742
11116	1749
11117	1736
11118	1758
11119	1702
11120	1651
11121	1674
11122	1701
11123	1709
11124	1798
11125	1780
11126	1736
11127	1722
11128	1785
11129	1744
11130	1686
11131	1732
11132	1677
11133	1737
11134	1773
11135	1677
11136	1633
11137	1676
11138	1706
11139	1685
11140	1712
11141	1679
11142	1704
11143	1714
11144	1720
11145	1716
11146	1703
11147	1733
11148	1684
11149	1618
11150	1674
11151	1708
11152	1717
11153	1721
11154	1610
11155	1609
11156	1640
11157	1683
11158	1686
11159	1634
11160	1641
11161	1734
11162	1707
11163	1632
11164	1670
11165	1685
11166	1700
11167	1594
11168	1700
11169	1661
11170	1653
11171	1672
11172	1666
11173	1571
11174	1625
11175	1657
11176	1656
11177	1693
11178	1616
11179	1692
11180	1593
11181	1679
11182	1567
11183	1574
11184	1588
11185	1683
11186	1675
11187	1626
11188	1590
11189	1533
11190	1647
11191	1643
11192	1717
11193	1568
11194	1612
11195	1622
11196	1570
11197	1598
11198	1592
11199	1624
11200	1560
11201	1547
11202	1557
11203	1598
11204	1504
11205	1590
11206	1617
11207	1590
11208	1578
11209	1579
11210	1560
11211	1570
11212	1621
11213	1592
11214	1544
11215	1615
11216	1549
11217	1578
11218	1594
11219	1590
11220	1566
11221	1598
11222	1578
11223	1572
11224	1563
11225	1550
11226	1631
11227	1541
11228	1518
11229	1555
11230	1475
11231	1552
11232	1600
11233	1570
11234	1613
11235	1515
11236	1575
11237	1521
11238	1519
11239	1610
11240	1550
11241	1509
11242	1478
11243	1540
11244	1497
11245	1544
11246	1580
11247	1488
11248	1594
11249	1495
11250	1469
11251	1586
11252	1461
11253	1520
11254	1484
11255	1519
11256	1594
11257	1439
11258	1484
11259	1502
11260	1514
11261	1548
11262	1436
11263	1399
11264	1555
11265	1450
11266	1465
11267	1511
11268	1408
11269	1461
11270	1493
11271	1429
11272	1471
11273	1399
11274	1503
11275	1441
11276	1423
11277	1481
11278	1479
11279	1476
11280	1423
11281	1493
11282	1492
11283	1445
11284	1441
11285	1410
11286	1446
11287	1491
11288	1476
11289	1436
11290	1390
11291	1437
11292	1415
11293	1469
11294	1452
11295	1445
11296	1401
11297	1497
11298	1490
11299	1438
11300	1420
11301	1500
11302	1424
11303	1473
11304	1364
11305	1414
11306	1449
11307	1392
11308	1384
11309	1403
11310	1481
11311	1447
11312	1475
11313	1397
11314	1338
11315	1410
11316	1387
11317	1404
11318	1353
11319	1408
11320	1337
11321	1422
11322	1408
11323	1398
11324	1390
11325	1426
11326	1400
11327	1444
11328	1329
11329	1389
11330	1381
11331	1383
11332	1444
11333	1364
11334	1337
11335	1409
11336	1350
11337	1376
11338	1409
11339	1338
11340	1373
11341	1391
11342	1380
11343	1390
11344	1393
11345	1383
11346	1382
11347	1388
11348	1298
11349	1363
11350	1333
11351	1324
11352	1404
11353	1414
11354	1337
11355	1335
11356	1354
11357	1301
11358	1341
11359	1352
11360	1374
11361	1280
11362	1316
11363	1289
11364	1345
11365	1313
11366	1315
11367	1305
11368	1337
11369	1307
11370	1274
11371	1338
11372	1329
11373	1298
11374	1362
11375	1336
11376	1343
11377	1317
11378	1325
11379	1197
11380	1253
11381	1252
11382	1347
11383	1294
11384	1320
11385	1289
11386	1325
11387	1329
11388	1361
11389	1343
11390	1316
11391	1298
11392	1355
11393	1240
11394	1262
11395	1287
11396	1324
11397	1291
11398	1249
11399	1329
11400	1257
11401	1316
11402	1292
11403	1241
11404	1252
11405	1294
11406	1222
11407	1254
11408	1273
11409	1263
11410	1248
11411	1278
11412	1263
11413	1290
11414	1240
11415	1308
11416	1241
11417	1234
11418	1300
11419	1267
11420	1305
11421	1224
11422	1273
11423	1282
11424	1260
11425	1254
11426	1294
11427	1225
11428	1263
11429	1303
11430	1235
11431	1227
11432	1251
11433	1280
11434	1244
11435	1246
11436	1179
11437	1229
11438	1237
11439	1293
11440	1310
11441	1176
11442	1254
11443	1219
11444	1207
11445	1289
11446	1271
11447	1189
11448	1226
11449	1215
11450	1204
11451	1272
11452	1158
11453	1200
11454	1204
11455	1214
11456	1192
11457	1246
11458	1205
11459	1162
11460	1202
11461	1188
11462	1216
11463	1175
11464	1201
11465	1183
11466	1236
11467	1237
11468	1191
11469	1217
11470	1237
11471	1242
11472	1202
11473	1253
11474	1167
11475	1136
11476	1146
11477	1171
11478	1257
11479	1179
11480	1152
11481	1183
11482	1204
11483	1151
11484	1204
11485	1210
11486	1212
11487	1144
11488	1167
11489	1140
11490	1264
11491	1135
11492	1150
11493	1178
11494	1143
11495	1115
11496	1208
11497	1155
11498	1208
11499	1203
11500	1208
11501	1160
11502	1158
11503	1172
11504	1223
11505	1185
11506	1188
11507	1158
11508	1169
11509	1146
11510	1181
11511	1203
11512	1152
11513	1154
11514	1205
11515	1144
11516	1149
11517	1148
11518	1165
11519	1116
11520	1156
11521	1168
11522	1137
11523	1254
11524	1196
11525	1135
11526	1115
11527	1164
11528	1123
11529	1220
11530	1105
11531	1136
11532	1225
11533	1135
11534	1140
11535	1175
11536	1155
11537	1217
11538	1097
11539	1082
11540	1171
11541	1228
11542	1164
11543	1135
11544	1131
11545	1100
11546	1212
11547	1223
11548	1201
11549	1212
11550	1114
11551	1157
11552	1161
11553	1089
11554	1132
11555	1209
11556	1131
11557	1148
11558	1150
11559	1088
11560	1136
11561	1103
11562	1139
11563	1096
11564	1131
11565	1198
11566	1120
11567	1141
11568	1168
11569	1115
11570	1103
11571	1115
11572	1171
11573	1135
11574	1106
11575	1201
11576	1149
11577	1149
11578	1163
11579	1122
11580	1144
11581	1133
11582	1131
11583	1121
11584	1179
11585	1169
11586	1142
11587	1102
11588	1150
11589	1124
11590	1099
11591	1163
11592	1153
11593	1125
11594	1122
11595	1113
11596	1145
11597	1116
11598	1131
11599	1151
11600	1131
11601	1118
11602	1169
11603	1126
11604	1093
11605	1143
11606	1138
11607	1111
11608	1118
11609	1109
11610	1150
11611	1143
11612	1073
11613	1157
11614	1160
11615	1136
11616	1111
11617	1117
11618	1102
11619	1114
11620	1067
11621	1153
11622	1136
11623	1070
11624	1126
11625	1108
11626	1074
11627	1185
11628	1053
11629	1108
11630	1144
11631	1136
11632	1100
11633	1155
11634	1160
11635	1086
11636	1124
11637	1103
11638	1118
11639	1130
11640	1126
11641	1123
11642	1085
11643	1102
11644	1146
11645	1172
11646	1139
11647	1127
11648	1144
11649	1140
11650	1124
11651	1137
11652	1092
11653	1106
11654	1177
11655	1102
11656	1145
11657	1227
11658	1151
11659	1159
11660	1124
11661	1195
11662	1179
11663	1156
11664	1134
11665	1164
11666	1152
11667	1127
11668	1158
11669	1170
11670	1158
11671	1158
11672	1197
11673	1165
11674	1135
11675	1160
11676	1119
11677	1170
11678	1121
11679	1168
11680	1094
11681	1095
11682	1202
11683	1066
11684	1185
11685	1191
11686	1136
11687	1146
11688	1124
11689	1091
11690	1169
11691	1142
11692	1143
11693	1194
11694	1117
11695	1134
11696	1113
11697	1149
11698	1167
11699	1157
11700	1190
11701	1175
11702	1123
11703	1100
11704	1090
11705	1108
11706	1124
11707	1114
11708	1112
11709	1116
11710	1162
11711	1133
11712	1154
11713	1177
11714	1159
11715	1183
11716	1134
11717	1151
11718	1171
11719	1214
11720	1180
11721	1126
11722	1217
11723	1166
11724	1099
11725	1160
11726	1151
11727	1204
11728	1077
11729	1119
11730	1194
11731	1130
11732	1133
11733	1112
11734	1160
11735	1104
11736	1112
11737	1123
11738	1170
11739	1098
11740	1121
11741	1153
11742	1151
11743	1217
11744	1133
11745	1081
11746	1101
11747	1166
11748	1220
11749	1133
11750	1104
11751	1177
11752	1214
11753	1174
11754	1139
11755	1141
11756	1133
11757	1154
11758	1151
11759	1234
11760	1170
11761	1139
11762	1127
11763	1062
11764	1102
11765	1247
11766	1194
11767	1188
11768	1158
11769	1219
11770	1133
11771	1245
11772	1164
11773	1178
11774	1153
11775	1219
11776	1151
11777	1170
11778	1126
11779	1156
11780	1149
11781	1159
11782	1127
11783	1129
11784	1138
11785	1210
11786	1155
11787	1127
11788	1132
11789	1141
11790	1198
11791	1140
11792	1145
11793	1175
11794	1115
11795	1187
11796	1151
11797	1150
11798	1201
11799	1205
11800	1177
11801	1202
11802	1235
11803	1171
11804	1142
11805	1184
11806	1224
11807	1196
11808	1210
11809	1178
11810	1145
11811	1158
11812	1214
11813	1234
11814	1172
11815	1094
11816	1174
11817	1204
11818	1171
11819	1177
11820	1193
11821	1180
11822	1120
11823	1161
11824	1192
11825	1191
11826	1164
11827	1174
11828	1226
11829	1197
11830	1172
11831	1261
11832	1214
11833	1145
11834	1138
11835	1206
11836	1208
11837	1171
11838	1250
11839	1145
11840	1231
11841	1265
11842	1201
11843	1204
11844	1168
11845	1218
11846	1184
11847	1221
11848	1162
11849	1219
11850	1203
11851	1179
11852	1207
11853	1197
11854	1241
11855	1145
11856	1154
11857	1222
11858	1278
11859	1212
11860	1209
11861	1211
11862	1184
11863	1173
11864	1221
11865	1189
11866	1198
11867	1280
11868	1158
11869	1198
11870	1171
11871	1185
11872	1246
11873	1233
11874	1202
11875	1246
11876	1237
11877	1137
11878	1182
11879	1216
11880	1227
11881	1232
11882	1181
11883	1221
11884	1261
11885	1255
11886	1206
11887	1209
11888	1204
11889	1202
11890	1283
11891	1252
11892	1246
11893	1203
11894	1260
11895	1223
11896	1200
11897	1235
11898	1217
11899	1254
11900	1220
11901	1194
11902	1312
11903	1215
11904	1233
11905	1199
11906	1265
11907	1216
11908	1169
11909	1162
11910	1252
11911	1228
11912	1223
11913	1216
11914	1210
11915	1261
11916	1200
11917	1185
11918	1193
11919	1250
11920	1222
11921	1299
11922	1243
11923	1263
11924	1234
11925	1252
11926	1209
11927	1280
11928	1246
11929	1205
11930	1181
11931	1216
11932	1234
11933	1248
11934	1242
11935	1225
11936	1262
11937	1249
11938	1260
11939	1232
11940	1170
11941	1282
11942	1254
11943	1265
11944	1248
11945	1201
11946	1200
11947	1217
11948	1216
11949	1224
11950	1213
11951	1269
11952	1218
11953	1248
11954	1265
11955	1224
11956	1244
11957	1209
11958	1217
11959	1238
11960	1280
11961	1258
11962	1226
11963	1249
11964	1254
11965	1262
11966	1255
11967	1289
11968	1229
11969	1253
11970	1212
11971	1265
11972	1272
11973	1224
11974	1291
11975	1201
11976	1291
11977	1208
11978	1202
11979	1213
11980	1244
11981	1314
11982	1299
11983	1251
11984	1279
11985	1224
11986	1291
11987	1286
11988	1304
11989	1292
11990	1255
11991	1273
11992	1282
11993	1230
11994	1205
11995	1324
11996	1265
11997	1149
11998	1281
11999	1261
12000	1292
12001	1262
12002	1260
12003	1253
12004	1299
12005	1240
12006	1282
12007	1237
12008	1302
12009	1258
12010	1272
12011	1238
12012	1267
12013	1245
12014	1230
12015	1267
12016	1234
12017	1231
12018	1274
12019	1314
12020	1224
12021	1227
12022	1331
12023	1265
12024	1297
12025	1286
12026	1294
12027	1308
12028	1279
12029	1295
12030	1360
12031	1313
12032	1233
12033	1280
12034	1313
12035	1297
12036	1210
12037	1338
12038	1334
12039	1317
12040	1225
12041	1292
12042	1255
12043	1251
12044	1294
12045	1293
12046	1223
12047	1297
12048	1262
12049	1312
12050	1319
12051	1250
12052	1312
12053	1306
12054	1224
12055	1238
12056	1302
12057	1265
12058	1264
12059	1315
12060	1219
12061	1236
12062	1358
12063	1273
12064	1289
12065	1254
12066	1276
12067	1262
12068	1280
12069	1331
12070	1283
12071	1260
12072	1242
12073	1255
12074	1327
12075	1279
12076	1247
12077	1320
12078	1381
12079	1327
12080	1315
12081	1287
12082	1309
12083	1259
12084	1287
12085	1313
12086	1324
12087	1221
12088	1358
12089	1277
12090	1244
12091	1305
12092	1324
12093	1275
12094	1371
12095	1306
12096	1400
12097	1239
12098	1281
12099	1315
12100	1279
12101	1321
12102	1257
12103	1271
12104	1294
12105	1395
12106	1302
12107	1305
12108	1262
12109	1324
12110	1271
12111	1321
12112	1298
12113	1350
12114	1298
12115	1324
12116	1295
12117	1275
12118	1318
12119	1330
12120	1273
12121	1273
12122	1351
12123	1302
12124	1274
12125	1367
12126	1190
12127	1269
12128	1386
12129	1340
12130	1239
12131	1331
12132	1405
12133	1351
12134	1290
12135	1374
12136	1298
12137	1292
12138	1362
12139	1348
12140	1243
12141	1313
12142	1276
12143	1268
12144	1319
12145	1355
12146	1391
12147	1381
12148	1319
12149	1220
12150	1311
12151	1317
12152	1309
12153	1288
12154	1298
12155	1388
12156	1303
12157	1394
12158	1261
12159	1343
12160	1377
12161	1293
12162	1302
12163	1341
12164	1268
12165	1343
12166	1317
12167	1327
12168	1337
12169	1287
12170	1328
12171	1384
12172	1281
12173	1275
12174	1310
12175	1418
12176	1330
12177	1290
12178	1339
12179	1328
12180	1302
12181	1323
12182	1337
12183	1318
12184	1251
12185	1337
12186	1306
12187	1353
12188	1317
12189	1306
12190	1328
12191	1314
12192	1289
12193	1315
12194	1358
12195	1260
12196	1347
12197	1332
12198	1279
12199	1264
12200	1289
12201	1298
12202	1369
12203	1369
12204	1296
12205	1317
12206	1316
12207	1307
12208	1386
12209	1231
12210	1327
12211	1330
12212	1278
12213	1362
12214	1329
12215	1315
12216	1314
12217	1237
12218	1350
12219	1284
12220	1284
12221	1355
12222	1303
12223	1383
12224	1270
12225	1328
12226	1330
12227	1304
12228	1322
12229	1292
12230	1321
12231	1261
12232	1253
12233	1339
12234	1279
12235	1252
12236	1299
12237	1354
12238	1292
12239	1323
12240	1302
12241	1327
12242	1244
12243	1366
12244	1293
12245	1369
12246	1366
12247	1295
12248	1273
12249	1281
12250	1284
12251	1286
12252	1374
12253	1256
12254	1372
12255	1292
12256	1336
12257	1313
12258	1256
12259	1308
12260	1357
12261	1293
12262	1255
12263	1299
12264	1314
12265	1308
12266	1385
12267	1272
12268	1339
12269	1308
12270	1333
12271	1383
12272	1345
12273	1295
12274	1305
12275	1296
12276	1306
12277	1313
12278	1270
12279	1222
12280	1324
12281	1303
12282	1296
12283	1277
12284	1327
12285	1244
12286	1238
12287	1322
12288	1300
12289	1328
12290	1257
12291	1286
12292	1233
12293	1387
12294	1284
12295	1326
12296	1313
12297	1331
12298	1420
12299	1315
12300	1355
12301	1359
12302	1336
12303	1233
12304	1318
12305	1285
12306	1336
12307	1267
12308	1281
12309	1347
12310	1279
12311	1265
12312	1358
12313	1332
12314	1328
12315	1277
12316	1284
12317	1283
12318	1337
12319	1250
12320	1365
12321	1324
12322	1354
12323	1275
12324	1370
12325	1236
12326	1276
12327	1303
12328	1266
12329	1260
12330	1296
12331	1288
12332	1314
12333	1295
12334	1254
12335	1278
12336	1287
12337	1243
12338	1338
12339	1300
12340	1309
12341	1287
12342	1332
12343	1245
12344	1318
12345	1310
12346	1234
12347	1189
12348	1316
12349	1247
12350	1369
12351	1244
12352	1308
12353	1249
12354	1287
12355	1302
12356	1135
12357	1266
12358	1239
12359	1219
12360	1246
12361	1280
12362	1307
12363	1229
12364	1235
12365	1327
12366	1233
12367	1352
12368	1349
12369	1303
12370	1251
12371	1248
12372	1305
12373	1325
12374	1260
12375	1275
12376	1362
12377	1261
12378	1274
12379	1342
12380	1276
12381	1284
12382	1278
12383	1286
12384	1270
12385	1227
12386	1249
12387	1280
12388	1263
12389	1211
12390	1261
12391	1320
12392	1265
12393	1248
12394	1233
12395	1255
12396	1305
12397	1299
12398	1296
12399	1324
12400	1218
12401	1258
12402	1260
12403	1289
12404	1225
12405	1245
12406	1251
12407	1179
12408	1286
12409	1266
12410	1315
12411	1253
12412	1236
12413	1235
12414	1237
12415	1239
12416	1226
12417	1278
12418	1214
12419	1264
12420	1249
12421	1172
12422	1252
12423	1274
12424	1303
12425	1199
12426	1170
12427	1232
12428	1203
12429	1325
12430	1208
12431	1283
12432	1298
12433	1300
12434	1235
12435	1170
12436	1296
12437	1245
12438	1289
12439	1251
12440	1256
12441	1237
12442	1272
12443	1233
12444	1246
12445	1249
12446	1202
12447	1205
12448	1193
12449	1197
12450	1292
12451	1232
12452	1310
12453	1213
12454	1205
12455	1235
12456	1183
12457	1266
12458	1204
12459	1253
12460	1178
12461	1203
12462	1274
12463	1178
12464	1250
12465	1266
12466	1183
12467	1235
12468	1176
12469	1226
12470	1181
12471	1256
12472	1175
12473	1274
12474	1193
12475	1253
12476	1255
12477	1251
12478	1188
12479	1254
12480	1246
12481	1263
12482	1180
12483	1224
12484	1160
12485	1248
12486	1223
12487	1232
12488	1267
12489	1213
12490	1266
12491	1188
12492	1247
12493	1228
12494	1161
12495	1228
12496	1209
12497	1156
12498	1209
12499	1239
12500	1240
12501	1189
12502	1234
12503	1257
12504	1175
12505	1241
12506	1241
12507	1175
12508	1181
12509	1143
12510	1211
12511	1189
12512	1264
12513	1197
12514	1192
12515	1176
12516	1178
12517	1224
12518	1183
12519	1161
12520	1215
12521	1146
12522	1211
12523	1175
12524	1185
12525	1181
12526	1180
12527	1216
12528	1213
12529	1238
12530	1202
12531	1196
12532	1167
12533	1225
12534	1159
12535	1231
12536	1204
12537	1193
12538	1225
12539	1120
12540	1190
12541	1234
12542	1218
12543	1181
12544	1203
12545	1196
12546	1201
12547	1202
12548	1202
12549	1162
12550	1173
12551	1175
12552	1197
12553	1168
12554	1175
12555	1157
12556	1168
12557	1227
12558	1233
12559	1176
12560	1116
12561	1207
12562	1124
12563	1178
12564	1135
12565	1200
12566	1183
12567	1170
12568	1073
12569	1198
12570	1176
12571	1137
12572	1193
12573	1184
12574	1207
12575	1166
12576	1215
12577	1196
12578	1136
12579	1122
12580	1182
12581	1166
12582	1187
12583	1199
12584	1206
12585	1138
12586	1135
12587	1160
12588	1189
12589	1227
12590	1174
12591	1191
12592	1134
12593	1097
12594	1116
12595	1180
12596	1136
12597	1172
12598	1220
12599	1114
12600	1124
12601	1195
12602	1115
12603	1167
12604	1113
12605	1117
12606	1145
12607	1141
12608	1091
12609	1178
12610	1058
12611	1076
12612	1165
12613	1136
12614	1188
12615	1130
12616	1131
12617	1066
12618	1102
12619	1093
12620	1130
12621	1065
12622	1144
12623	1085
12624	1122
12625	1134
12626	1175
12627	1095
12628	1196
12629	1150
12630	1122
12631	1123
12632	1173
12633	1126
12634	1168
12635	1113
12636	1153
12637	1142
12638	1066
12639	1089
12640	1134
12641	1145
12642	1154
12643	1096
12644	1129
12645	1166
12646	1086
12647	1111
12648	1087
12649	1101
12650	1118
12651	1121
12652	1135
12653	1100
12654	1127
12655	1136
12656	1150
12657	1099
12658	1144
12659	1133
12660	1047
12661	1136
12662	1096
12663	1114
12664	1153
12665	1088
12666	1042
12667	1094
12668	1126
12669	1106
12670	1153
12671	1087
12672	1059
12673	1162
12674	1089
12675	1085
12676	1070
12677	1132
12678	1043
12679	1101
12680	1103
12681	1048
12682	1092
12683	1075
12684	1081
12685	1077
12686	1062
12687	1027
12688	1114
12689	1065
12690	1034
12691	1033
12692	1082
12693	1095
12694	1099
12695	1029
12696	1085
12697	1066
12698	1027
12699	1123
12700	1069
12701	1052
12702	1076
12703	1064
12704	1098
12705	1025
12706	1050
12707	1010
12708	1102
12709	1095
12710	1063
12711	1053
12712	1050
12713	1096
12714	1064
12715	1012
12716	1079
12717	1086
12718	1030
12719	1077
12720	1059
12721	1027
12722	1050
12723	1043
12724	1043
12725	1070
12726	1074
12727	1073
12728	1062
12729	996
12730	998
12731	1022
12732	1086
12733	1074
12734	1067
12735	1064
12736	1087
12737	1058
12738	1051
12739	1015
12740	1071
12741	1006
12742	1053
12743	1079
12744	1014
12745	972
12746	1032
12747	1060
12748	991
12749	1028
12750	1028
12751	987
12752	1056
12753	1030
12754	1030
12755	1018
12756	1010
12757	1068
12758	975
12759	988
12760	1022
12761	975
12762	1053
12763	955
12764	1057
12765	1044
12766	1003
12767	1044
12768	1017
12769	1015
12770	1016
12771	989
12772	984
12773	1026
12774	956
12775	1027
12776	1012
12777	979
12778	995
12779	1013
12780	953
12781	970
12782	1015
12783	1002
12784	961
12785	944
12786	963
12787	1035
12788	1029
12789	955
12790	1008
12791	996
12792	1046
12793	1022
12794	980
12795	947
12796	925
12797	999
12798	961
12799	954
12800	974
12801	971
12802	967
12803	1010
12804	975
12805	978
12806	966
12807	961
12808	1031
12809	1008
12810	964
12811	989
12812	971
12813	1018
12814	1008
12815	1014
12816	975
12817	979
12818	915
12819	898
12820	940
12821	985
12822	935
12823	1001
12824	942
12825	960
12826	939
12827	935
12828	966
12829	1008
12830	956
12831	941
12832	929
12833	936
12834	948
12835	923
12836	924
12837	879
12838	991
12839	952
12840	965
12841	879
12842	955
12843	977
12844	945
12845	938
12846	933
12847	901
12848	889
12849	973
12850	916
12851	949
12852	898
12853	938
12854	938
12855	909
12856	926
12857	846
12858	952
12859	887
12860	901
12861	939
12862	940
12863	893
12864	953
12865	925
12866	926
12867	971
12868	970
12869	962
12870	900
12871	866
12872	890
12873	900
12874	945
12875	942
12876	902
12877	892
12878	990
12879	945
12880	841
12881	904
12882	963
12883	938
12884	931
12885	894
12886	916
12887	876
12888	848
12889	896
12890	886
12891	933
12892	894
12893	916
12894	869
12895	887
12896	870
12897	913
12898	885
12899	830
12900	871
12901	881
12902	857
12903	869
12904	888
12905	879
12906	959
12907	882
12908	897
12909	889
12910	845
12911	845
12912	878
12913	881
12914	860
12915	868
12916	844
12917	863
12918	922
12919	844
12920	857
12921	837
12922	886
12923	892
12924	880
12925	926
12926	908
12927	899
12928	885
12929	861
12930	855
12931	809
12932	880
12933	866
12934	920
12935	805
12936	873
12937	857
12938	917
12939	905
12940	828
12941	849
12942	819
12943	846
12944	913
12945	848
12946	856
12947	855
12948	790
12949	883
12950	813
12951	847
12952	863
12953	847
12954	882
12955	822
12956	837
12957	820
12958	831
12959	829
12960	882
12961	857
12962	821
12963	849
12964	851
12965	875
12966	780
12967	891
12968	801
12969	793
12970	848
12971	868
12972	852
12973	845
12974	824
12975	730
12976	803
12977	796
12978	829
12979	835
12980	830
12981	831
12982	822
12983	833
12984	780
12985	768
12986	844
12987	757
12988	781
12989	798
12990	812
12991	816
12992	819
12993	865
12994	778
12995	794
12996	794
12997	768
12998	789
12999	800
13000	750
13001	801
13002	832
13003	775
13004	779
13005	795
13006	821
13007	808
13008	794
13009	772
13010	756
13011	767
13012	751
13013	798
13014	751
13015	743
13016	779
13017	730
13018	788
13019	764
13020	783
13021	743
13022	789
13023	815
13024	740
13025	768
13026	815
13027	743
13028	808
13029	773
13030	752
13031	744
13032	756
13033	748
13034	806
13035	763
13036	805
13037	757
13038	803
13039	760
13040	788
13041	703
13042	797
13043	746
13044	760
13045	805
13046	744
13047	740
13048	741
13049	780
13050	737
13051	750
13052	751
13053	761
13054	737
13055	739
13056	719
13057	712
13058	749
13059	777
13060	764
13061	702
13062	703
13063	736
13064	734
13065	781
13066	775
13067	701
13068	749
13069	716
13070	723
13071	759
13072	774
13073	766
13074	702
13075	701
13076	705
13077	741
13078	737
13079	705
13080	699
13081	714
13082	710
13083	730
13084	728
13085	717
13086	712
13087	709
13088	707
13089	715
13090	706
13091	676
13092	666
13093	722
13094	726
13095	688
13096	700
13097	729
13098	702
13099	710
13100	710
13101	665
13102	693
13103	686
13104	708
13105	731
13106	663
13107	675
13108	700
13109	702
13110	683
13111	715
13112	674
13113	724
13114	663
13115	718
13116	751
13117	692
13118	701
13119	664
13120	692
13121	731
13122	618
13123	656
13124	649
13125	646
13126	668
13127	694
13128	708
13129	632
13130	694
13131	676
13132	661
13133	685
13134	682
13135	697
13136	625
13137	660
13138	671
13139	692
13140	638
13141	707
13142	712
13143	640
13144	609
13145	605
13146	667
13147	660
13148	674
13149	687
13150	626
13151	674
13152	625
13153	643
13154	653
13155	651
13156	602
13157	627
13158	635
13159	608
13160	673
13161	645
13162	626
13163	662
13164	658
13165	651
13166	588
13167	635
13168	650
13169	669
13170	550
13171	642
13172	627
13173	615
13174	650
13175	652
13176	595
13177	607
13178	600
13179	617
13180	592
13181	600
13182	620
13183	620
13184	620
13185	640
13186	607
13187	612
13188	621
13189	608
13190	618
13191	616
13192	619
13193	598
13194	646
13195	607
13196	604
13197	595
13198	557
13199	599
13200	583
13201	597
13202	579
13203	568
13204	585
13205	597
13206	565
13207	583
13208	611
13209	614
13210	602
13211	600
13212	573
13213	556
13214	582
13215	560
13216	585
13217	585
13218	629
13219	590
13220	570
13221	550
13222	547
13223	555
13224	548
13225	564
13226	548
13227	552
13228	623
13229	574
13230	564
13231	555
13232	567
13233	573
13234	565
13235	539
13236	597
13237	578
13238	552
13239	604
13240	599
13241	562
13242	554
13243	556
13244	547
13245	544
13246	544
13247	588
13248	559
13249	583
13250	560
13251	505
13252	541
13253	551
13254	570
13255	525
13256	596
13257	550
13258	518
13259	564
13260	517
13261	555
13262	594
13263	550
13264	544
13265	562
13266	534
13267	554
13268	564
13269	575
13270	543
13271	533
13272	557
13273	552
13274	556
13275	542
13276	550
13277	539
13278	527
13279	529
13280	533
13281	569
13282	542
13283	535
13284	520
13285	524
13286	543
13287	491
13288	528
13289	524
13290	516
13291	490
13292	496
13293	480
13294	519
13295	538
13296	515
13297	510
13298	471
13299	511
13300	559
13301	524
13302	500
13303	529
13304	496
13305	488
13306	480
13307	484
13308	480
13309	484
13310	506
13311	510
13312	511
13313	490
13314	464
13315	483
13316	467
13317	505
13318	455
13319	478
13320	492
13321	521
13322	476
13323	507
13324	526
13325	481
13326	461
13327	467
13328	488
13329	450
13330	461
13331	513
13332	482
13333	456
13334	446
13335	444
13336	460
13337	437
13338	414
13339	428
13340	462
13341	449
13342	482
13343	457
13344	448
13345	437
13346	435
13347	425
13348	483
13349	456
13350	420
13351	421
13352	435
13353	459
13354	414
13355	455
13356	458
13357	478
13358	451
13359	476
13360	421
13361	423
13362	429
13363	435
13364	404
13365	453
13366	426
13367	418
13368	443
13369	393
13370	376
13371	484
13372	481
13373	454
13374	466
13375	433
13376	449
13377	424
13378	423
13379	426
13380	365
13381	457
13382	404
13383	412
13384	397
13385	438
13386	449
13387	394
13388	408
13389	398
13390	393
13391	428
13392	406
13393	373
13394	433
13395	432
13396	397
13397	436
13398	387
13399	423
13400	424
13401	389
13402	406
13403	406
13404	393
13405	411
13406	450
13407	369
13408	415
13409	404
13410	414
13411	393
13412	367
13413	423
13414	398
13415	375
13416	399
13417	377
13418	362
13419	368
13420	364
13421	449
13422	375
13423	332
13424	354
13425	367
13426	374
13427	381
13428	368
13429	367
13430	370
13431	380
13432	398
13433	373
13434	362
13435	333
13436	393
13437	356
13438	381
13439	376
13440	366
13441	406
13442	320
13443	340
13444	368
13445	363
13446	328
13447	339
13448	337
13449	382
13450	362
13451	347
13452	382
13453	352
13454	364
13455	367
13456	346
13457	333
13458	369
13459	354
13460	343
13461	356
13462	325
13463	330
13464	369
13465	346
13466	338
13467	363
13468	363
13469	327
13470	359
13471	365
13472	323
13473	344
13474	341
13475	344
13476	326
13477	342
13478	353
13479	333
13480	324
13481	356
13482	326
13483	311
13484	328
13485	290
13486	324
13487	303
13488	290
13489	307
13490	302
13491	348
13492	304
13493	276
13494	297
13495	312
13496	319
13497	307
13498	336
13499	282
13500	270
13501	314
13502	318
13503	303
13504	324
13505	288
13506	323
13507	303
13508	274
13509	304
13510	281
13511	298
13512	270
13513	259
13514	305
13515	272
13516	288
13517	291
13518	292
13519	297
13520	314
13521	270
13522	250
13523	305
13524	280
13525	274
13526	271
13527	284
13528	257
13529	276
13530	284
13531	275
13532	255
13533	280
13534	280
13535	258
13536	271
13537	277
13538	261
13539	301
13540	275
13541	250
13542	269
13543	299
13544	270
13545	248
13546	268
13547	268
13548	253
13549	247
13550	275
13551	263
13552	262
13553	260
13554	250
13555	252
13556	216
13557	242
13558	266
13559	289
13560	281
13561	308
13562	249
13563	256
13564	249
13565	236
13566	234
13567	232
13568	227
13569	242
13570	251
13571	240
13572	255
13573	241
13574	236
13575	226
13576	240
13577	226
13578	239
13579	235
13580	249
13581	244
13582	225
13583	256
13584	241
13585	223
13586	236
13587	268
13588	214
13589	232
13590	234
13591	205
13592	225
13593	234
13594	207
13595	220
13596	248
13597	232
13598	209
13599	223
13600	217
13601	219
13602	220
13603	198
13604	210
13605	203
13606	234
13607	198
13608	206
13609	223
13610	236
13611	228
13612	196
13613	242
13614	218
13615	208
13616	231
13617	216
13618	212
13619	212
13620	187
13621	201
13622	195
13623	217
13624	207
13625	205
13626	202
13627	203
13628	217
13629	212
13630	209
13631	194
13632	186
13633	196
13634	206
13635	192
13636	217
13637	207
13638	184
13639	188
13640	199
13641	196
13642	162
13643	191
13644	172
13645	202
13646	189
13647	198
13648	197
13649	180
13650	163
13651	165
13652	209
13653	172
13654	176
13655	164
13656	177
13657	175
13658	193
13659	172
13660	152
13661	196
13662	159
13663	175
13664	169
13665	185
13666	175
13667	177
13668	180
13669	166
13670	156
13671	200
13672	201
13673	169
13674	150
13675	180
13676	175
13677	174
13678	173
13679	173
13680	153
13681	159
13682	189
13683	165
13684	167
13685	164
13686	147
13687	191
13688	169
13689	142
13690	140
13691	151
13692	135
13693	163
13694	160
13695	155
13696	149
13697	168
13698	185
13699	146
13700	131
13701	176
13702	152
13703	164
13704	162
13705	137
13706	155
13707	145
13708	142
13709	156
13710	162
13711	143
13712	155
13713	171
13714	157
13715	175
13716	151
13717	139
13718	137
13719	128
13720	133
13721	135
13722	129
13723	130
13724	142
13725	149
13726	139
13727	151
13728	120
13729	143
13730	121
13731	127
13732	123
13733	141
13734	119
13735	115
13736	130
13737	140
13738	105
13739	127
13740	134
13741	135
13742	124
13743	129
13744	149
13745	101
13746	112
13747	136
13748	113
13749	127
13750	125
13751	100
13752	117
13753	107
13754	103
13755	117
13756	138
13757	131
13758	117
13759	117
13760	123
13761	126
13762	107
13763	112
13764	134
13765	109
13766	109
13767	119
13768	120
13769	116
13770	116
13771	102
13772	136
13773	122
13774	126
13775	120
13776	108
13777	115
13778	111
13779	98
13780	111
13781	102
13782	121
13783	116
13784	85
13785	110
13786	116
13787	108
13788	108
13789	113
13790	104
13791	128
13792	105
13793	111
13794	97
13795	103
13796	100
13797	116
13798	94
13799	82
13800	111
13801	92
13802	90
13803	116
13804	89
13805	103
13806	103
13807	107
13808	87
13809	106
13810	79
13811	97
13812	97
13813	113
13814	97
13815	98
13816	97
13817	92
13818	105
13819	88
13820	91
13821	98
13822	99
13823	108
13824	101
13825	75
13826	80
13827	86
13828	77
13829	94
13830	86
13831	96
13832	96
13833	83
13834	82
13835	83
13836	84
13837	62
13838	84
13839	89
13840	88
13841	89
13842	91
13843	82
13844	85
13845	87
13846	85
13847	65
13848	90
13849	81
13850	101
13851	97
13852	75
13853	87
13854	80
13855	82
13856	85
13857	79
13858	72
13859	75
13860	84
13861	81
13862	85
13863	78
13864	82
13865	84
13866	73
13867	59
13868	96
13869	100
13870	85
13871	80
13872	60
13873	69
13874	78
13875	71
13876	93
13877	80
13878	69
13879	90
13880	75
13881	68
13882	74
13883	77
13884	91
13885	79
13886	70
13887	66
13888	77
13889	67
13890	77
13891	80
13892	77
13893	70
13894	84
13895	69
13896	79
13897	68
13898	73
13899	58
13900	74
13901	56
13902	64
13903	68
13904	66
13905	73
13906	82
13907	71
13908	66
13909	68
13910	74
13911	60
13912	67
13913	64
13914	68
13915	69
13916	85
13917	59
13918	63
13919	67
13920	82
13921	74
13922	67
13923	72
13924	76
13925	62
13926	53
13927	68
13928	59
13929	61
13930	71
13931	65
13932	68
13933	76
13934	50
13935	52
13936	65
13937	66
13938	55
13939	64
13940	66
13941	70
13942	66
13943	52
13944	61
13945	60
13946	66
13947	70
13948	50
13949	47
13950	60
13951	61
13952	59
13953	55
13954	48
13955	71
13956	64
13957	52
13958	47
13959	50
13960	68
13961	66
13962	61
13963	51
13964	51
13965	49
13966	50
13967	51
13968	68
13969	54
13970	57
13971	61
13972	55
13973	69
13974	59
13975	51
13976	67
13977	44
13978	49
13979	52
13980	59
13981	69
13982	50
13983	61
13984	64
13985	67
13986	56
13987	53
13988	65
13989	58
13990	48
13991	61
13992	50
13993	51
13994	49
13995	56
13996	51
13997	51
13998	49
13999	45
14000	56
14001	55
14002	45
14003	54
14004	41
14005	61
14006	62
14007	52
14008	46
14009	51
14010	43
14011	59
14012	45
14013	36
14014	56
14015	44
14016	44
14017	51
14018	49
14019	44
14020	52
14021	44
14022	34
14023	39
14024	47
14025	55
14026	46
14027	46
14028	33
14029	40
14030	50
14031	49
14032	61
14033	47
14034	46
14035	34
14036	42
14037	41
14038	45
14039	47
14040	39
14041	46
14042	41
14043	47
14044	42
14045	39
14046	38
14047	38
14048	43
14049	36
14050	34
14051	35
14052	45
14053	48
14054	44
14055	33
14056	32
14057	37
14058	35
14059	32
14060	36
14061	40
14062	41
14063	31
14064	41
14065	38
14066	28
14067	28
14068	39
14069	42
14070	47
14071	32
14072	38
14073	35
14074	30
14075	40
14076	43
14077	26
14078	38
14079	30
14080	35
14081	39
14082	34
14083	35
14084	30
14085	38
14086	46
14087	36
14088	33
14089	47
14090	30
14091	47
14092	39
14093	35
14094	38
14095	31
14096	37
14097	33
14098	29
14099	36
14100	28
14101	37
14102	35
14103	33
14104	24
14105	40
14106	27
14107	17
14108	26
14109	42
14110	30
14111	38
14112	24
14113	30
14114	34
14115	29
14116	44
14117	30
14118	33
14119	29
14120	39
14121	32
14122	34
14123	30
14124	41
14125	25
14126	29
14127	26
14128	28
14129	26
14130	31
14131	32
14132	29
14133	32
14134	45
14135	22
14136	28
14137	27
14138	26
14139	37
14140	20
14141	29
14142	24
14143	32
14144	26
14145	24
14146	26
14147	30
14148	28
14149	22
14150	28
14151	30
14152	30
14153	31
14154	18
14155	27
14156	24
14157	35
14158	32
14159	23
14160	25
14161	25
14162	30
14163	39
14164	30
14165	36
14166	24
14167	26
14168	29
14169	24
14170	33
14171	17
14172	21
14173	28
14174	18
14175	24
14176	26
14177	21
14178	18
14179	20
14180	25
14181	23
14182	32
14183	30
14184	26
14185	22
14186	20
14187	17
14188	21
14189	21
14190	24
14191	20
14192	25
14193	25
14194	22
14195	29
14196	22
14197	22
14198	24
14199	23
14200	14
14201	28
14202	24
14203	29
14204	21
14205	21
14206	28
14207	19
14208	25
14209	16
14210	21
14211	17
14212	25
14213	27
14214	23
14215	20
14216	19
14217	25
14218	19
14219	20
14220	24
14221	20
14222	21
14223	13
14224	29
14225	18
14226	20
14227	28
14228	12
14229	22
14230	29
14231	16
14232	13
14233	21
14234	15
14235	13
14236	25
14237	16
14238	19
14239	19
14240	20
14241	18
14242	17
14243	19
14244	16
14245	15
14246	13
14247	13
14248	25
14249	22
14250	23
14251	16
14252	15
14253	14
14254	14
14255	25
14256	22
14257	17
14258	19
14259	18
14260	24
14261	17
14262	12
14263	18
14264	11
14265	19
14266	17
14267	16
14268	13
14269	14
14270	14
14271	12
14272	14
14273	15
14274	12
14275	12
14276	14
14277	24
14278	14
14279	10
14280	17
14281	12
14282	8
14283	13
14284	13
14285	11
14286	11
14287	10
14288	16
14289	18
14290	15
14291	12
14292	13
14293	11
14294	14
14295	4
14296	16
14297	14
14298	18
14299	9
14300	19
14301	19
14302	11
14303	15
14304	12
14305	9
14306	15
14307	20
14308	10
14309	11
14310	9
14311	19
14312	15
14313	12
14314	17
14315	8
14316	13
14317	11
14318	13
14319	12
14320	13
14321	16
14322	15
14323	11
14324	2
14325	19
14326	10
14327	12
14328	18
14329	12
14330	4
14331	16
14332	11
14333	4
14334	17
14335	10
14336	8
14337	10
14338	12
14339	11
14340	11
14341	12
14342	16
14343	14
14344	12
14345	9
14346	12
14347	2
14348	4
14349	9
14350	10
14351	9
14352	13
14353	16
14354	6
14355	9
14356	4
14357	18
14358	10
14359	8
14360	4
14361	11
14362	5
14363	6
14364	11
14365	9
14366	6
14367	8
14368	12
14369	3
14370	5
14371	10
14372	5
14373	7
14374	9
14375	7
14376	13
14377	9
14378	7
14379	9
14380	9
14381	8
14382	7
14383	11
14384	7
14385	8
14386	13
14387	8
14388	6
14389	12
14390	4
14391	10
14392	7
14393	13
14394	7
14395	11
14396	2
14397	8
14398	11
14399	4
14400	9
14401	6
14402	10
14403	6
14404	8
14405	8
14406	7
14407	7
14408	4
14409	7
14410	8
14411	9
14412	9
14413	11
14414	6
14415	8
14416	2
14417	8
14418	7
14419	5
14420	7
14421	7
14422	10
14423	8
14424	7
14425	6
14426	8
14427	8
14428	9
14429	2
14430	9
14431	8
14432	6
14433	4
14434	7
14435	8
14436	7
14437	6
14438	2
14439	10
14440	8
14441	10
14442	4
14443	11
14444	7
14445	5
14446	1
14447	12
14448	11
14449	5
14450	6
14451	3
14452	4
14453	5
14454	4
14455	9
14456	6
14457	7
14458	5
14459	7
14460	5
14461	4
14462	3
14463	3
14464	8
14465	3
14466	9
14467	4
14468	3
14469	1
14470	5
14471	3
14472	7
14473	8
14474	4
14475	1
14476	6
14477	8
14478	1
14479	9
14480	5
14481	3
14482	7
14483	5
14484	3
14485	3
14486	3
14487	7
14488	4
14489	3
14490	6
14491	4
14492	2
14493	6
14494	2
14495	4
14496	7
14497	5
14498	1
14499	1
14500	5
14501	8
14502	1
14503	2
14504	2
14505	2
14506	7
14507	6
14508	4
14509	4
14510	2
14511	2
14512	2
14513	3
14514	5
14515	2
14516	3
14517	3
14518	5
14519	4
14520	2
14521	2
14522	6
14524	4
14525	7
14526	3
14527	2
14528	1
14529	3
14530	1
14531	1
14532	2
14533	2
14535	5
14536	5
14537	3
14539	3
14540	1
14541	1
14542	1
14543	3
14544	1
14545	3
14546	6
14547	1
14551	1
14552	2
14553	1
14554	3
14555	2
14556	1
14557	1
14558	5
14559	1
14560	1
14561	1
14562	5
14563	1
14564	2
14565	1
14566	4
14567	1
14568	3
14569	1
14571	3
14572	1
14573	2
14574	1
14575	1
14576	3
14577	2
14578	2
14579	2
14580	2
14581	3
14582	1
14584	2
14585	2
14587	4
14588	3
14589	2
14590	1
14591	3
14592	1
14595	5
14596	2
14597	2
14598	1
14599	1
14600	2
14601	2
14603	2
14604	2
14605	2
14606	1
14607	3
14608	1
14609	2
14610	2
14611	2
14612	1
14614	5
14615	1
14617	2
14621	2
14622	1
14625	1
14626	1
14627	3
14628	3
14630	2
14632	1
14634	1
14635	2
14636	1
14640	1
14641	2
14642	1
14643	3
14644	1
14645	3
14647	1
14648	2
14649	1
14650	1
14652	1
14653	2
14654	1
14655	3
14656	1
14658	1
14659	1
14660	1
14661	1
14662	1
14666	1
14667	1
14671	2
14674	1
14676	1
14679	2
14683	1
14686	1
14689	1
14691	1
14694	1
14695	2
14696	1
14697	1
14698	1
14701	1
14702	1
14703	2
14705	1
14706	2
14707	1
14708	2
14709	2
14712	1
14713	1
14718	1
14728	1
14729	1
14732	1
14733	1
14738	2
14744	1
14748	2
14759	1
14769	2
14771	1
14774	1
14779	1
14785	1
14793	1
14814	1
14815	1
14840	1
14875	1
14882	1
14883	1
14892	1
14896	2
14906	1
14918	1
14934	1
14948	1
14952	1
15003	1
15060	1
15068	1
15089	1
15103	1
15126	1
15133	1
15147	1
15154	1
15160	1
15170	1
15184	1
15198	2
15226	1
15231	1
15283	1
15288	1
15304	1
15329	1
15410	1
15413	1
15424	1
15432	1
15483	1
15488	1
15518	1
15533	1
15580	1
15916	1
16376	1
16600	1
16686	1
16707	1
17007	1
17020	1
17444	1
17462	1
17585	1
17635	1
17987	1
18118	1
18310	1
18508	1
18536	1
18570	1
18576	1
18609	1
18650	1
18711	1
18948	1
19006	1
19046	1
19069	1
19093	1
19192	1
19339	1
19425	1
19464	1
19483	1
19485	1
19649	1
19702	1
19830	1
19836	1
19876	1
19942	1
19963	1
19972	1
19990	1
20074	1
20119	1
20197	1
20199	1
20206	1
20313	2
20348	1
20409	1
20451	1
20468	1
20532	1
21034	1
